General parameters 

30 76 720 750


Customer schedules 

0 0	0 [0,720]	
1 30	1 [0,720]	
2 47	2 [0,1]	3 [93,103]	4 [271,301]	5 [418,452]	6 [509,539]	7 [552,720]	
3 27	8 [0,117]	9 [148,357]	10 [388,720]	
4 62	11 [0,214]	12 [358,365]	13 [509,720]	
5 33	14 [0,720]	
6 58	15 [0,205]	16 [322,421]	17 [525,588]	18 [605,720]	
7 41	19 [0,85]	20 [240,359]	21 [514,720]	
8 46	22 [0,720]	
9 73	23 [0,720]	
10 49	24 [0,720]	
11 69	25 [0,720]	
12 61	26 [0,93]	27 [142,164]	28 [227,228]	29 [393,423]	30 [584,720]	
13 68	31 [0,720]	
14 41	32 [0,33]	33 [110,113]	34 [371,395]	35 [588,720]	
15 47	36 [0,0]	37 [96,102]	38 [262,271]	39 [542,548]	40 [704,720]	
16 48	41 [0,215]	42 [362,479]	43 [626,720]	
17 34	44 [0,720]	
18 77	45 [0,720]	
19 50	46 [0,720]	
20 27	47 [0,31]	48 [152,230]	49 [383,394]	50 [522,720]	
21 75	51 [0,11]	52 [173,190]	53 [430,446]	54 [646,720]	
22 50	55 [0,720]	
23 34	56 [0,720]	
24 44	57 [0,157]	58 [159,478]	59 [524,626]	60 [672,720]	
25 43	61 [0,720]	
26 50	62 [0,720]	
27 41	63 [0,720]	
28 49	64 [0,12]	65 [36,49]	66 [165,168]	67 [264,276]	68 [435,475]	69 [615,720]	
29 47	70 [0,191]	71 [238,251]	72 [308,572]	73 [587,720]	
30 28	74 [0,720]	
31 0	75 [0,720]	


Location coordinates

0 	 0.0 0.0
1 	 1.35012710826 153.137495832
2 	 39.0870426885 -66.3643112048
3 	 51.7611640398 -22.2194038532
4 	 0.635037364581 -88.9295763156
5 	 38.1637718515 -44.2017594806
6 	 42.153847104 -72.2898388195
7 	 39.0870426885 -66.3643112048
8 	 41.84029389 64.2099712614
9 	 45.0964318486 79.4571546196
10 	 41.84029389 64.2099712614
11 	 11.2501648823 -16.1784045095
12 	 82.8735098054 -24.6063705719
13 	 11.2501648823 -16.1784045095
14 	 4.93548710391 29.7495620575
15 	 -58.4901857683 15.6084766186
16 	 -37.3610283624 -39.0685177996
17 	 -51.5248520549 10.7100470935
18 	 -58.4901857683 15.6084766186
19 	 -9.13391057837 -7.60275608562
20 	 51.6293935644 -55.5868820917
21 	 -9.13391057837 -7.60275608562
22 	 29.5624299521 29.9093657841
23 	 -49.6633960906 147.821032234
24 	 24.5740047904 -42.9829849153
25 	 67.8840870952 32.134356819
26 	 -38.8143056084 -20.7897811816
27 	 -14.781702478 -15.4937303022
28 	 -24.6539333865 -45.3940016062
29 	 34.2881785843 12.4545257842
30 	 -38.8143056084 -20.7897811816
31 	 1.90419471307 11.7414286529
32 	 -1.04745893206 57.7344487469
33 	 -21.063553953 90.6721102065
34 	 -13.1334632615 -38.2634869873
35 	 -1.04745893206 57.7344487469
36 	 28.3874340671 20.307535237
37 	 75.0990826093 32.4812254163
38 	 48.8045770729 -43.1722155077
39 	 -37.4414724706 61.7885400024
40 	 28.3874340671 20.307535237
41 	 -53.7797092344 109.505718945
42 	 -12.3308561497 48.8130967212
43 	 -53.7797092344 109.505718945
44 	 -3.2559976768 13.5410520837
45 	 24.641565663 50.8800933017
46 	 24.2586570088 -9.73041737527
47 	 93.4371819622 45.1191868262
48 	 37.5202797683 21.8202295737
49 	 55.0558568803 96.4069650884
50 	 93.4371819622 45.1191868262
51 	 0.108844261617 28.469998663
52 	 21.3707554363 -49.6398346243
53 	 -91.9891568018 -10.8110480325
54 	 0.108844261617 28.469998663
55 	 -73.3101194232 57.8233562755
56 	 10.3724324867 151.281438726
57 	 -14.116041903 4.49951046006
58 	 -14.7078425362 5.08627066392
59 	 -28.1540218836 -13.7133360317
60 	 -14.116041903 4.49951046006
61 	 -15.4804668558 -170.832959983
62 	 21.3957692978 68.2793624552
63 	 112.92557881 106.064658207
64 	 132.860675155 -104.063436047
65 	 128.089609659 -115.200143854
66 	 184.274986869 -100.614861539
67 	 137.937140868 -112.490284409
68 	 86.9956498872 -51.3892875002
69 	 132.860675155 -104.063436047
70 	 -54.062998595 -28.1483192549
71 	 -72.5081535775 -42.8562779192
72 	 -46.854982866 -30.0784607452
73 	 -54.062998595 -28.1483192549
74 	 73.410594263 -89.0937268056
75 	 0.0 0.0


Travel time matrix 

(53, 53) 0
(57, 50) 230
(39, 70) 183
(43, 3) 338
(29, 44) 75
(33, 41) 75
(9, 0) 183
(15, 30) 83
(62, 31) 120
(66, 66) 0
(52, 17) 189
(28, 10) 256
(4, 35) 293
(8, 38) 215
(65, 11) 306
(41, 34) 307
(61, 63) 610
(17, 57) 76
(37, 54) 150
(13, 13) 0
(74, 13) 192
(3, 11) 82
(50, 18) 309
(40, 4) 225
(46, 30) 128
(16, 29) 177
(2, 64) 202
(22, 7) 193
(26, 74) 263
(12, 41) 382
(69, 40) 325
(73, 45) 223
(59, 14) 109
(45, 47) 138
(49, 52) 300
(25, 3) 113
(45, 64) 378
(1, 58) 298
(21, 55) 183
(7, 4) 89
(11, 65) 306
(54, 33) 131
(58, 44) 28
(44, 15) 111
(34, 21) 62
(10, 26) 234
(67, 71) 443
(0, 28) 103
(63, 19) 334
(33, 68) 357
(53, 9) 328
(29, 48) 20
(33, 53) 248
(19, 6) 165
(5, 39) 260
(9, 60) 191
(66, 55) 604
(52, 70) 157
(56, 1) 18
(42, 60) 89
(5, 72) 172
(62, 59) 191
(38, 0) 130
(14, 41) 198
(71, 72) 57
(75, 13) 39
(4, 7) 89
(65, 23) 634
(51, 36) 59
(41, 30) 262
(61, 67) 328
(47, 16) 311
(17, 37) 257
(37, 42) 178
(23, 11) 350
(13, 49) 241
(70, 34) 84
(74, 33) 406
(60, 12) 203
(50, 54) 190
(26, 63) 395
(46, 58) 83
(2, 36) 174
(22, 35) 83
(69, 12) 188
(55, 41) 110
(59, 42) 129
(45, 19) 135
(31, 64) 350
(35, 5) 218
(25, 31) 138
(11, 28) 93
(72, 30) 25
(1, 6) 458
(21, 75) 24
(54, 13) 92
(30, 42) 149
(34, 57) 86
(0, 73) 122
(20, 4) 122
(6, 51) 218
(10, 62) 42
(67, 35) 439
(43, 58) 223
(63, 55) 385
(39, 14) 106
(43, 75) 244
(29, 20) 140
(15, 33) 168
(19, 34) 62
(5, 27) 120
(62, 68) 273
(66, 27) 433
(56, 29) 281
(42, 16) 183
(32, 6) 274
(18, 41) 188
(38, 44) 154
(65, 66) 116
(14, 5) 162
(71, 44) 178
(75, 41) 244
(47, 71) 375
(51, 0) 57
(27, 59) 27
(47, 52) 238
(17, 1) 304
(3, 50) 158
(23, 47) 352
(64, 36) 325
(50, 75) 207
(70, 14) 165
(74, 69) 123
(3, 67) 250
(60, 16) 99
(36, 25) 82
(26, 19) 65
(73, 20) 218
(2, 8) 261
(55, 13) 224
(59, 54) 101
(25, 74) 243
(31, 36) 56
(35, 33) 77
(7, 63) 375
(11, 56) 335
(68, 63) 319
(72, 58) 95
(44, 64) 360
(48, 3) 93
(24, 44) 126
(10, 67) 402
(30, 6) 192
(20, 24) 60
(6, 31) 186
(67, 31) 368
(57, 21) 26
(43, 38) 368
(63, 43) 333
(29, 71) 240
(33, 12) 310
(53, 65) 487
(39, 50) 264
(15, 5) 227
(56, 74) 497
(19, 62) 164
(52, 62) 236
(56, 57) 298
(28, 39) 216
(32, 34) 193
(18, 13) 153
(75, 68) 202
(38, 72) 193
(4, 72) 151
(8, 11) 172
(65, 46) 296
(71, 16) 71
(61, 26) 304
(51, 28) 156
(37, 17) 257
(27, 7) 148
(74, 22) 254
(3, 46) 60
(60, 69) 365
(23, 51) 259
(64, 0) 338
(40, 41) 243
(60, 52) 129
(46, 3) 60
(16, 50) 311
(36, 61) 392
(12, 6) 125
(69, 51) 375
(16, 65) 364
(73, 48) 208
(49, 15) 278
(55, 17) 104
(25, 38) 155
(31, 24) 118
(21, 18) 109
(7, 35) 261
(11, 36) 81
(68, 19) 211
(58, 9) 191
(44, 36) 65
(48, 47) 121
(34, 14) 141
(24, 8) 217
(0, 49) 222
(20, 60) 178
(53, 52) 240
(57, 49) 230
(39, 65) 485
(43, 2) 398
(29, 43) 262
(33, 40) 172
(9, 7) 292
(15, 25) 255
(62, 28) 245
(66, 67) 96
(52, 18) 206
(28, 11) 93
(4, 44) 205
(8, 39) 159
(65, 10) 398
(41, 33) 75
(61, 62) 484
(17, 56) 307
(37, 53) 345
(13, 12) 144
(74, 10) 313
(3, 10) 174
(50, 19) 230
(40, 5) 130
(46, 31) 62
(16, 30) 37
(73, 67) 419
(2, 65) 203
(22, 4) 244
(26, 75) 88
(12, 42) 240
(69, 23) 622
(73, 44) 131
(59, 1) 339
(45, 46) 121
(49, 43) 219
(25, 2) 205
(1, 57) 299
(21, 54) 74
(7, 7) 0
(11, 64) 300
(54, 38) 173
(58, 45) 121
(44, 8) 136
(34, 18) 141
(10, 27) 195
(67, 70) 419
(0, 29) 73
(63, 18) 388
(53, 8) 307
(29, 15) 186
(33, 52) 293
(19, 9) 205
(5, 38) 21
(9, 35) 102
(66, 52) 341
(52, 71) 188
(56, 2) 438
(42, 61) 439
(62, 56) 167
(38, 1) 403
(14, 46) 88
(71, 75) 168
(75, 12) 173
(4, 0) 178
(65, 22) 351
(51, 39) 100
(41, 29) 262
(61, 66) 423
(47, 19) 230
(17, 36) 161
(37, 41) 300
(23, 10) 248
(13, 48) 92
(70, 35) 202
(74, 46) 187
(60, 13) 65
(64, 72) 389
(50, 55) 334
(26, 60) 71
(46, 59) 105
(2, 37) 210
(22, 32) 83
(69, 11) 300
(55, 40) 217
(59, 45) 167
(45, 18) 181
(31, 67) 368
(35, 4) 293
(25, 30) 238
(11, 31) 59
(72, 31) 128
(1, 5) 401
(21, 74) 232
(48, 24) 132
(54, 2) 205
(30, 43) 262
(34, 54) 136
(0, 74) 231
(20, 5) 35
(24, 64) 249
(6, 48) 188
(10, 63) 165
(67, 34) 337
(43, 61) 566
(63, 54) 274
(39, 9) 169
(43, 74) 472
(29, 19) 96
(15, 32) 142
(19, 37) 187
(5, 26) 161
(62, 69) 410
(66, 24) 340
(56, 30) 358
(42, 17) 109
(32, 7) 261
(18, 38) 245
(38, 45) 194
(8, 16) 260
(65, 65) 0
(14, 10) 101
(71, 47) 375
(75, 40) 70
(47, 70) 329
(51, 3) 145
(27, 58) 41
(47, 55) 334
(17, 0) 105
(3, 53) 288
(23, 46) 348
(64, 37) 297
(50, 72) 318
(70, 15) 88
(74, 66) 223
(3, 66) 308
(60, 17) 76
(36, 26) 158
(26, 16) 37
(73, 27) 83
(2, 9) 292
(55, 12) 353
(59, 73) 59
(25, 73) 272
(31, 39) 127
(35, 32) 0
(7, 62) 271
(11, 59) 79
(68, 56) 433
(72, 59) 50
(44, 65) 368
(48, 4) 233
(24, 45) 188
(10, 64) 383
(30, 7) 181
(20, 25) 178
(6, 28) 144
(67, 30) 398
(57, 20) 178
(43, 25) 288
(63, 42) 275
(29, 70) 194
(33, 3) 269
(53, 64) 486
(39, 45) 126
(15, 4) 240
(56, 75) 303
(19, 65) 349
(52, 63) 361
(56, 58) 297
(28, 32) 212
(32, 35) 0
(18, 10) 223
(75, 71) 168
(38, 73) 208
(4, 73) 164
(8, 12) 196
(65, 45) 391
(71, 19) 145
(61, 25) 439
(51, 31) 34
(37, 16) 267
(27, 6) 160
(74, 23) 534
(3, 17) 217
(60, 70) 103
(23, 50) 352
(64, 1) 578
(40, 42) 99
(60, 53) 159
(46, 0) 52
(16, 51) 154
(36, 62) 97
(12, 7) 121
(69, 50) 309
(16, 66) 460
(73, 55) 176
(49, 14) 167
(55, 16) 206
(25, 37) 14
(31, 27) 64
(21, 17) 92
(7, 34) 119
(11, 39) 183
(68, 28) 223
(58, 22) 101
(44, 37) 161
(48, 32) 105
(34, 15) 141
(24, 9) 248
(0, 50) 207
(20, 61) 266
(53, 51) 200
(57, 48) 109
(39, 64) 475
(43, 5) 358
(29, 42) 118
(33, 47) 246
(9, 6) 304
(15, 24) 203
(42, 70) 175
(62, 29) 114
(66, 64) 103
(52, 19) 104
(38, 26) 181
(28, 4) 101
(4, 45) 284
(8, 40) 92
(65, 9) 423
(41, 32) 148
(61, 61) 0
(17, 63) 380
(37, 52) 196
(13, 11) 0
(74, 11) 192
(3, 13) 82
(50, 16) 311
(40, 6) 187
(46, 28) 121
(16, 31) 128
(73, 66) 498
(22, 5) 149
(26, 72) 25
(12, 43) 382
(69, 22) 338
(59, 0) 63
(45, 45) 0
(49, 42) 165
(25, 1) 276
(1, 56) 18
(21, 53) 166
(7, 6) 13
(11, 67) 318
(54, 39) 100
(58, 42) 88
(44, 9) 163
(34, 19) 62
(10, 24) 217
(67, 73) 419
(0, 30) 88
(63, 29) 245
(53, 23) 328
(29, 14) 68
(19, 8) 176
(5, 37) 170
(9, 34) 263
(66, 53) 581
(52, 64) 248
(56, 3) 357
(42, 58) 88
(62, 57) 146
(38, 6) 60
(14, 47) 180
(71, 74) 306
(75, 15) 121
(4, 1) 484
(65, 21) 349
(51, 38) 173
(37, 71) 331
(41, 28) 315
(61, 65) 308
(47, 18) 309
(17, 27) 90
(37, 40) 96
(23, 5) 422
(13, 47) 205
(70, 32) 202
(74, 47) 271
(60, 14) 63
(64, 73) 403
(50, 52) 238
(26, 61) 304
(46, 56) 323
(2, 34) 119
(22, 33) 158
(69, 10) 383
(55, 43) 110
(59, 44) 74
(45, 17) 172
(31, 66) 428
(35, 7) 261
(25, 29) 78
(11, 30) 101
(72, 0) 111
(1, 4) 484
(21, 73) 99
(48, 25) 64
(54, 3) 145
(30, 40) 158
(34, 55) 227
(0, 75) 0
(20, 6) 38
(24, 65) 252
(6, 49) 338
(10, 60) 164
(67, 37) 316
(43, 60) 224
(63, 49) 117
(39, 8) 159
(29, 18) 186
(15, 35) 142
(19, 36) 94
(5, 25) 164
(62, 74) 331
(66, 25) 353
(52, 36) 141
(56, 31) 280
(42, 30) 149
(32, 24) 208
(18, 39) 102
(38, 34) 124
(8, 17) 215
(65, 64) 24
(14, 11) 93
(71, 46) 205
(75, 43) 244
(47, 65) 328
(51, 2) 205
(27, 61) 311
(47, 54) 190
(17, 7) 238
(3, 52) 82
(23, 41) 77
(64, 38) 208
(50, 73) 329
(70, 12) 274
(74, 67) 137
(3, 69) 230
(60, 18) 91
(36, 27) 112
(26, 17) 68
(12, 28) 219
(73, 26) 34
(2, 6) 13
(55, 15) 89
(59, 72) 50
(25, 72) 261
(31, 38) 144
(35, 35) 0
(7, 57) 177
(11, 58) 67
(68, 57) 231
(72, 60) 95
(44, 66) 439
(48, 5) 132
(68, 72) 271
(24, 46) 67
(10, 65) 398
(30, 4) 157
(20, 26) 194
(6, 29) 170
(67, 1) 597
(57, 27) 40
(43, 24) 343
(29, 69) 305
(33, 2) 336
(39, 44) 118
(15, 7) 255
(19, 64) 343
(52, 56) 402
(56, 59) 339
(28, 33) 272
(32, 36) 95
(18, 11) 153
(75, 70) 122
(4, 74) 146
(8, 13) 172
(65, 44) 368
(71, 18) 120
(61, 24) 268
(51, 30) 126
(37, 31) 152
(27, 25) 191
(74, 20) 80
(3, 16) 181
(60, 71) 150
(64, 2) 202
(40, 43) 243
(60, 54) 56
(46, 1) 329
(16, 52) 119
(36, 63) 241
(12, 0) 173
(69, 49) 430
(16, 67) 380
(73, 54) 157
(49, 13) 241
(55, 19) 183
(25, 36) 82
(31, 26) 104
(21, 16) 84
(7, 29) 158
(11, 38) 92
(68, 29) 166
(58, 23) 294
(44, 38) 154
(48, 33) 181
(34, 12) 194
(24, 10) 217
(0, 51) 57
(20, 62) 254
(53, 50) 387
(57, 55) 159
(39, 67) 494
(43, 4) 412
(63, 73) 428
(29, 41) 262
(33, 46) 220
(9, 5) 248
(66, 46) 368
(15, 27) 107
(42, 71) 219
(62, 2) 271
(66, 65) 116
(52, 28) 92
(38, 27) 139
(28, 5) 126
(32, 64) 420
(4, 46) 165
(8, 41) 211
(65, 8) 398
(41, 39) 101
(61, 60) 351
(17, 62) 186
(37, 51) 150
(13, 10) 172
(74, 8) 313
(3, 12) 62
(50, 17) 298
(40, 7) 174
(26, 38) 181
(46, 29) 49
(16, 16) 0
(73, 65) 404
(22, 26) 170
(26, 73) 34
(12, 36) 141
(69, 21) 343
(59, 3) 161
(45, 44) 93
(49, 41) 219
(25, 0) 150
(1, 63) 242
(21, 52) 104
(7, 1) 445
(11, 66) 385
(54, 36) 59
(58, 43) 223
(44, 10) 136
(34, 16) 48
(6, 74) 71
(10, 25) 83
(67, 72) 405
(0, 31) 24
(63, 28) 409
(53, 22) 256
(29, 13) 74
(19, 11) 44
(5, 36) 130
(9, 33) 134
(66, 50) 343
(52, 65) 250
(56, 4) 481
(42, 59) 129
(62, 62) 0
(38, 7) 50
(14, 44) 36
(71, 69) 429
(75, 14) 60
(4, 2) 89
(65, 20) 194
(51, 41) 195
(37, 70) 285
(41, 3) 338
(61, 64) 325
(47, 29) 135
(17, 26) 68
(23, 4) 484
(13, 46) 29
(70, 33) 247
(74, 44) 256
(60, 15) 91
(64, 74) 123
(50, 53) 387
(26, 58) 71
(46, 57) 82
(2, 35) 261
(22, 38) 151
(69, 9) 407
(55, 42) 123
(59, 47) 270
(45, 16) 218
(35, 6) 274
(25, 28) 241
(11, 17) 136
(72, 1) 379
(1, 27) 339
(21, 72) 88
(48, 26) 175
(54, 0) 57
(30, 41) 262
(34, 52) 73
(20, 7) 33
(24, 66) 340
(6, 54) 218
(10, 61) 484
(67, 36) 344
(43, 63) 333
(63, 48) 226
(39, 11) 183
(29, 17) 172
(15, 34) 141
(19, 39) 150
(5, 24) 27
(62, 75) 143
(66, 22) 405
(52, 37) 196
(56, 32) 188
(42, 31) 79
(32, 25) 147
(18, 36) 174
(38, 35) 225
(8, 18) 223
(65, 71) 426
(14, 8) 101
(71, 41) 307
(75, 42) 101
(47, 64) 309
(51, 5) 164
(27, 60) 40
(47, 49) 128
(17, 6) 250
(3, 55) 297
(23, 40) 299
(64, 39) 475
(50, 70) 329
(70, 13) 133
(74, 64) 123
(40, 48) 19
(3, 68) 91
(60, 19) 26
(36, 4) 225
(26, 30) 0
(12, 29) 122
(73, 25) 272
(2, 7) 0
(55, 14) 166
(59, 75) 63
(31, 33) 164
(35, 34) 193
(7, 56) 438
(11, 61) 314
(68, 58) 233
(72, 61) 288
(44, 67) 378
(7, 73) 201
(48, 6) 188
(68, 73) 286
(24, 47) 224
(30, 5) 161
(0, 40) 70
(20, 27) 155
(6, 18) 267
(67, 0) 356
(57, 26) 71
(43, 27) 262
(29, 68) 166
(33, 1) 133
(39, 47) 264
(15, 6) 267
(19, 67) 361
(52, 57) 129
(56, 60) 298
(28, 34) 27
(32, 37) 160
(18, 8) 223
(4, 75) 178
(8, 14) 101
(65, 35) 431
(71, 13) 176
(61, 23) 641
(37, 30) 252
(27, 24) 96
(74, 21) 232
(3, 19) 125
(60, 64) 365
(64, 3) 230
(40, 44) 65
(60, 55) 159
(46, 6) 130
(16, 53) 123
(36, 56) 264
(12, 1) 391
(69, 48) 316
(16, 68) 250
(73, 53) 83
(49, 12) 248
(55, 18) 89
(25, 43) 288
(31, 5) 133
(21, 31) 45
(7, 28) 134
(68, 30) 259
(1, 67) 597
(58, 20) 180
(44, 39) 118
(48, 34) 157
(34, 13) 66
(20, 72) 203
(24, 11) 60
(0, 52) 108
(20, 63) 346
(53, 49) 363
(57, 54) 56
(39, 66) 549
(43, 7) 398
(63, 72) 419
(29, 40) 20
(33, 45) 121
(9, 4) 348
(66, 47) 343
(15, 26) 83
(42, 68) 282
(62, 3) 191
(52, 29) 127
(38, 24) 48
(28, 6) 144
(32, 65) 431
(4, 47) 326
(8, 42) 113
(65, 15) 455
(41, 38) 368
(61, 59) 315
(17, 61) 370
(37, 50) 45
(13, 9) 203
(70, 58) 103
(74, 9) 342
(3, 15) 233
(50, 14) 180
(40, 8) 92
(26, 39) 165
(46, 34) 94
(16, 17) 104
(73, 64) 403
(22, 27) 127
(12, 37) 115
(69, 20) 189
(59, 2) 171
(45, 43) 196
(49, 40) 161
(25, 7) 205
(1, 62) 174
(21, 51) 74
(7, 0) 154
(11, 69) 300
(54, 37) 150
(58, 40) 91
(44, 11) 66
(30, 50) 295
(34, 17) 124
(6, 75) 167
(10, 6) 273
(67, 75) 356
(0, 16) 108
(63, 31) 291
(53, 21) 166
(29, 12) 122
(19, 10) 176
(5, 35) 218
(9, 32) 102
(66, 51) 450
(52, 66) 341
(56, 5) 394
(42, 56) 210
(62, 63) 198
(38, 4) 133
(14, 45) 58
(71, 68) 319
(75, 1) 306
(4, 3) 168
(51, 40) 59
(37, 69) 297
(41, 2) 398
(47, 28) 298
(17, 25) 243
(23, 7) 464
(13, 45) 137
(70, 38) 208
(74, 45) 296
(60, 8) 164
(64, 75) 338
(50, 50) 0
(26, 59) 26
(46, 62) 156
(2, 32) 261
(22, 39) 148
(69, 8) 383
(55, 37) 301
(59, 46) 105
(45, 15) 181
(35, 9) 102
(11, 16) 107
(72, 2) 187
(1, 26) 357
(48, 27) 128
(54, 1) 249
(30, 46) 128
(34, 53) 167
(20, 0) 152
(24, 67) 266
(6, 55) 347
(10, 58) 164
(67, 39) 494
(43, 62) 171
(63, 51) 274
(39, 10) 159
(29, 16) 177
(15, 45) 181
(19, 38) 136
(5, 7) 44
(62, 72) 239
(66, 23) 682
(52, 38) 56
(56, 33) 137
(42, 28) 190
(32, 26) 174
(18, 37) 269
(38, 32) 225
(8, 19) 176
(65, 70) 404
(14, 9) 128
(71, 40) 238
(75, 45) 113
(47, 67) 328
(51, 4) 235
(27, 63) 353
(47, 48) 121
(17, 5) 210
(3, 54) 145
(23, 43) 77
(64, 56) 566
(50, 71) 375
(70, 2) 201
(74, 65) 121
(40, 49) 161
(3, 71) 252
(60, 44) 28
(36, 5) 130
(26, 31) 104
(12, 30) 243
(73, 24) 160
(2, 4) 89
(55, 9) 241
(59, 74) 253
(31, 32) 92
(35, 37) 160
(7, 59) 171
(11, 60) 65
(68, 59) 242
(72, 62) 239
(44, 60) 28
(7, 72) 187
(48, 7) 176
(68, 74) 80
(24, 48) 132
(30, 10) 234
(0, 41) 244
(20, 36) 158
(6, 19) 165
(67, 3) 250
(57, 25) 173
(43, 26) 262
(29, 67) 325
(33, 0) 186
(39, 46) 189
(15, 1) 300
(19, 66) 429
(52, 58) 131
(56, 61) 646
(28, 35) 212
(32, 38) 225
(18, 9) 243
(4, 52) 89
(8, 15) 223
(65, 34) 322
(71, 12) 313
(61, 22) 411
(37, 29) 91
(27, 27) 0
(74, 18) 337
(3, 18) 233
(60, 65) 371
(64, 4) 266
(40, 45) 62
(60, 48) 109
(46, 7) 117
(16, 54) 154
(36, 57) 91
(12, 2) 121
(69, 63) 422
(16, 69) 364
(73, 52) 157
(49, 3) 237
(25, 42) 164
(31, 4) 201
(21, 30) 65
(7, 31) 173
(68, 31) 212
(1, 66) 626
(58, 21) 28
(44, 32) 88
(48, 35) 105
(34, 10) 233
(20, 73) 218
(24, 12) 122
(0, 53) 185
(20, 56) 421
(53, 48) 267
(57, 53) 159
(43, 6) 411
(63, 75) 310
(29, 39) 174
(33, 44) 158
(9, 11) 203
(66, 44) 439
(42, 69) 421
(62, 0) 143
(52, 30) 133
(38, 25) 155
(28, 7) 134
(32, 66) 487
(4, 40) 225
(8, 43) 211
(65, 14) 380
(41, 37) 300
(61, 58) 352
(17, 60) 76
(37, 49) 134
(13, 8) 172
(70, 59) 59
(74, 54) 277
(3, 14) 140
(50, 15) 309
(70, 74) 283
(40, 9) 123
(26, 36) 158
(46, 35) 144
(16, 18) 117
(73, 71) 47
(22, 24) 146
(12, 38) 78
(69, 19) 343
(59, 5) 146
(45, 42) 74
(49, 47) 128
(25, 6) 215
(1, 61) 649
(58, 70) 103
(21, 50) 230
(7, 3) 92
(11, 68) 167
(54, 58) 55
(58, 41) 223
(44, 4) 205
(30, 51) 126
(34, 46) 94
(6, 72) 197
(10, 7) 261
(67, 74) 137
(30, 66) 474
(0, 17) 105
(63, 30) 395
(53, 20) 301
(29, 11) 74
(19, 13) 44
(5, 34) 103
(9, 39) 169
(66, 48) 382
(52, 67) 265
(56, 6) 451
(42, 57) 89
(62, 60) 146
(18, 62) 191
(38, 5) 21
(14, 50) 180
(71, 71) 0
(75, 0) 0
(4, 12) 209
(51, 43) 195
(37, 68) 169
(41, 1) 141
(47, 31) 195
(17, 24) 186
(23, 6) 477
(13, 44) 66
(70, 39) 183
(74, 42) 325
(60, 9) 191
(50, 51) 190
(26, 56) 358
(46, 63) 292
(2, 33) 336
(22, 36) 19
(55, 36) 217
(59, 33) 209
(45, 14) 58
(49, 75) 222
(35, 8) 87
(11, 19) 44
(72, 3) 198
(1, 25) 276
(48, 28) 183
(54, 6) 218
(30, 47) 295
(34, 50) 271
(20, 1) 428
(24, 68) 126
(6, 52) 61
(10, 59) 209
(67, 38) 226
(43, 49) 219
(63, 50) 128
(39, 5) 260
(15, 44) 111
(19, 41) 250
(5, 6) 57
(62, 73) 245
(9, 67) 426
(66, 20) 280
(52, 39) 252
(56, 34) 381
(42, 29) 118
(32, 27) 149
(18, 34) 141
(38, 33) 302
(8, 20) 240
(65, 69) 24
(14, 14) 0
(71, 43) 307
(75, 44) 28
(47, 66) 343
(51, 7) 205
(27, 62) 182
(47, 51) 190
(17, 4) 225
(3, 57) 142
(23, 42) 212
(64, 57) 365
(50, 68) 193
(70, 3) 212
(40, 50) 139
(3, 70) 212
(60, 45) 121
(36, 6) 187
(26, 28) 57
(12, 31) 178
(73, 31) 137
(2, 5) 44
(55, 8) 231
(31, 35) 92
(35, 36) 95
(7, 58) 179
(11, 63) 318
(68, 36) 185
(72, 63) 419
(44, 61) 370
(7, 75) 154
(48, 56) 265
(68, 75) 202
(24, 49) 285
(30, 11) 101
(0, 42) 101
(20, 37) 182
(6, 16) 172
(67, 2) 218
(57, 24) 122
(43, 29) 262
(29, 66) 375
(33, 7) 336
(39, 41) 101
(15, 0) 121
(19, 69) 343
(52, 59) 122
(56, 62) 167
(28, 60) 102
(32, 39) 73
(18, 6) 267
(4, 53) 242
(8, 48) 85
(65, 33) 508
(71, 15) 120
(61, 21) 327
(37, 28) 253
(27, 26) 49
(74, 19) 232
(3, 21) 125
(60, 66) 449
(64, 5) 224
(40, 46) 61
(60, 49) 230
(46, 4) 165
(16, 55) 206
(36, 58) 91
(12, 3) 62
(69, 62) 410
(16, 70) 40
(73, 59) 59
(49, 2) 327
(25, 41) 288
(31, 7) 173
(21, 29) 96
(7, 30) 181
(68, 24) 126
(1, 65) 593
(58, 18) 90
(44, 33) 158
(48, 36) 19
(34, 11) 66
(20, 74) 80
(24, 13) 60
(0, 54) 57
(20, 57) 178
(53, 63) 472
(57, 52) 129
(63, 74) 398
(29, 38) 115
(33, 35) 77
(9, 10) 31
(66, 45) 440
(42, 66) 493
(62, 1) 174
(52, 31) 129
(38, 30) 181
(28, 0) 103
(32, 67) 439
(4, 41) 412
(8, 44) 136
(65, 13) 306
(41, 36) 243
(61, 57) 351
(27, 73) 83
(17, 51) 109
(37, 48) 78
(13, 7) 115
(70, 56) 381
(74, 55) 415
(50, 12) 141
(70, 75) 122
(40, 10) 92
(26, 37) 252
(46, 32) 144
(16, 19) 84
(73, 70) 0
(22, 25) 77
(12, 39) 296
(69, 18) 451
(59, 4) 161
(45, 41) 196
(49, 46) 221
(25, 5) 164
(1, 60) 299
(58, 71) 150
(21, 49) 244
(7, 2) 0
(11, 71) 176
(54, 59) 101
(58, 54) 55
(44, 5) 142
(30, 48) 175
(34, 47) 271
(6, 73) 212
(10, 4) 317
(30, 67) 398
(0, 18) 121
(63, 25) 173
(53, 19) 166
(29, 10) 105
(19, 12) 187
(5, 33) 294
(9, 38) 245
(66, 49) 471
(56, 7) 438
(42, 38) 221
(62, 61) 484
(18, 63) 388
(38, 58) 159
(14, 51) 10
(71, 70) 47
(75, 3) 112
(4, 13) 147
(51, 42) 48
(37, 67) 316
(41, 0) 244
(47, 30) 295
(17, 31) 107
(23, 1) 103
(13, 43) 283
(70, 36) 191
(74, 43) 472
(60, 10) 164
(50, 48) 121
(22, 74) 254
(26, 57) 71
(46, 60) 82
(2, 62) 271
(22, 37) 91
(55, 39) 72
(59, 32) 153
(45, 13) 137
(49, 74) 373
(35, 11) 150
(11, 18) 153
(72, 4) 151
(1, 24) 395
(48, 29) 20
(54, 7) 205
(30, 44) 99
(34, 51) 136
(20, 2) 33
(24, 69) 249
(6, 53) 295
(10, 56) 185
(67, 41) 587
(57, 3) 142
(43, 48) 253
(63, 61) 610
(39, 4) 311
(43, 65) 578
(15, 47) 309
(19, 40) 94
(5, 5) 0
(9, 66) 455
(66, 21) 429
(52, 32) 219
(56, 35) 188
(42, 26) 149
(32, 28) 212
(18, 35) 142
(38, 38) 0
(8, 21) 176
(65, 68) 152
(28, 72) 54
(14, 15) 130
(71, 42) 219
(75, 47) 207
(51, 6) 218
(27, 49) 263
(47, 50) 0
(3, 56) 357
(23, 37) 340
(64, 58) 367
(50, 69) 309
(70, 0) 122
(40, 51) 59
(3, 73) 212
(60, 46) 82
(36, 7) 174
(26, 29) 161
(12, 24) 122
(73, 30) 34
(2, 2) 0
(55, 11) 224
(31, 34) 104
(35, 39) 73
(7, 53) 284
(11, 62) 170
(68, 37) 169
(72, 32) 198
(44, 62) 120
(7, 74) 82
(48, 57) 109
(24, 50) 224
(30, 8) 234
(0, 43) 244
(20, 38) 25
(6, 17) 250
(67, 5) 242
(57, 31) 35
(43, 28) 315
(29, 65) 317
(33, 6) 349
(53, 75) 185
(39, 40) 156
(15, 3) 233
(19, 68) 211
(52, 4) 89
(56, 63) 224
(28, 61) 252
(32, 56) 188
(18, 7) 255
(38, 66) 294
(4, 54) 235
(8, 49) 70
(65, 32) 431
(71, 14) 212
(61, 20) 266
(37, 27) 204
(27, 29) 113
(74, 16) 243
(3, 20) 67
(60, 67) 383
(23, 73) 352
(64, 6) 192
(40, 47) 139
(60, 50) 230
(46, 5) 74
(16, 40) 177
(36, 59) 132
(12, 60) 203
(69, 61) 325
(16, 71) 71
(73, 58) 103
(49, 1) 156
(25, 40) 82
(31, 6) 186
(21, 28) 82
(7, 25) 205
(68, 25) 171
(1, 64) 578
(58, 19) 28
(44, 34) 105
(48, 37) 78
(34, 8) 233
(20, 75) 152
(24, 14) 151
(0, 55) 187
(20, 58) 180
(53, 62) 276
(57, 59) 46
(29, 37) 91
(33, 34) 258
(9, 9) 0
(66, 42) 493
(42, 67) 440
(62, 6) 284
(52, 24) 15
(38, 31) 144
(28, 1) 400
(32, 68) 280
(4, 42) 277
(8, 45) 44
(65, 12) 203
(41, 43) 0
(61, 56) 646
(27, 72) 70
(47, 5) 210
(17, 50) 298
(37, 63) 165
(13, 6) 128
(70, 57) 103
(74, 52) 131
(50, 13) 205
(70, 72) 15
(40, 11) 81
(26, 34) 62
(46, 33) 220
(16, 20) 181
(73, 69) 403
(22, 30) 170
(12, 32) 235
(69, 17) 434
(59, 7) 171
(45, 40) 62
(49, 45) 109
(25, 4) 277
(1, 51) 249
(58, 68) 233
(21, 48) 110
(11, 70) 133
(54, 56) 246
(58, 55) 158
(44, 6) 194
(30, 49) 300
(34, 44) 105
(10, 5) 217
(30, 64) 381
(0, 19) 24
(63, 24) 346
(53, 18) 85
(29, 9) 136
(19, 15) 109
(5, 32) 218
(9, 37) 111
(66, 14) 443
(56, 8) 185
(42, 39) 57
(62, 34) 224
(18, 60) 91
(38, 59) 165
(14, 48) 67
(71, 65) 426
(75, 2) 154
(4, 14) 238
(51, 45) 66
(37, 66) 344
(41, 7) 398
(47, 25) 57
(17, 30) 68
(23, 0) 312
(13, 42) 138
(70, 37) 285
(74, 40) 237
(60, 11) 65
(50, 49) 128
(22, 75) 84
(26, 6) 192
(46, 61) 332
(2, 63) 375
(22, 58) 101
(55, 38) 316
(59, 35) 153
(45, 12) 191
(49, 73) 331
(31, 73) 137
(35, 10) 87
(11, 21) 44
(72, 5) 172
(1, 31) 283
(48, 30) 175
(54, 4) 235
(30, 45) 191
(34, 48) 157
(0, 64) 338
(20, 3) 67
(24, 70) 160
(6, 42) 265
(10, 57) 164
(67, 40) 344
(57, 2) 177
(43, 51) 195
(63, 60) 325
(39, 7) 298
(43, 64) 567
(15, 46) 173
(19, 43) 250
(5, 4) 117
(9, 65) 423
(66, 18) 538
(52, 33) 293
(56, 36) 264
(42, 27) 129
(32, 29) 115
(18, 32) 142
(38, 39) 271
(8, 22) 73
(28, 73) 68
(14, 12) 190
(71, 37) 331
(75, 46) 52
(61, 15) 382
(51, 9) 136
(27, 48) 128
(47, 61) 484
(3, 59) 161
(23, 36) 299
(64, 59) 369
(50, 66) 343
(70, 1) 379
(40, 52) 141
(3, 72) 198
(60, 47) 230
(36, 0) 70
(26, 26) 0
(12, 25) 117
(73, 29) 194
(2, 3) 92
(55, 10) 231
(31, 45) 91
(35, 38) 225
(21, 7) 152
(7, 52) 49
(11, 49) 241
(68, 38) 78
(72, 33) 247
(44, 63) 297
(7, 69) 202
(48, 58) 110
(24, 51) 151
(10, 74) 313
(30, 9) 261
(0, 44) 28
(20, 39) 294
(6, 22) 206
(67, 4) 279
(57, 30) 71
(43, 31) 225
(29, 64) 305
(33, 5) 294
(53, 74) 366
(39, 43) 101
(15, 2) 255
(19, 71) 145
(52, 5) 35
(28, 62) 245
(32, 57) 110
(18, 4) 240
(38, 67) 226
(4, 55) 329
(8, 50) 110
(65, 39) 485
(71, 9) 339
(61, 19) 327
(37, 26) 252
(27, 28) 63
(74, 17) 320
(3, 23) 396
(23, 72) 356
(64, 7) 202
(40, 16) 177
(60, 51) 56
(46, 10) 152
(16, 41) 299
(36, 36) 0
(12, 61) 352
(69, 60) 365
(73, 57) 103
(49, 0) 222
(25, 47) 57
(31, 1) 283
(21, 27) 19
(7, 24) 55
(68, 26) 259
(1, 71) 419
(58, 16) 99
(44, 35) 88
(48, 38) 132
(34, 9) 263
(24, 15) 203
(0, 8) 153
(20, 59) 180
(53, 61) 355
(57, 58) 2
(29, 36) 20
(33, 33) 0
(9, 8) 31
(66, 43) 635
(42, 64) 421
(62, 7) 271
(52, 25) 188
(38, 28) 147
(28, 2) 134
(32, 69) 420
(75, 25) 150
(4, 43) 412
(8, 46) 152
(65, 3) 241
(41, 42) 147
(61, 55) 471
(27, 75) 43
(47, 4) 326
(51, 65) 385
(17, 49) 274
(37, 62) 129
(13, 5) 78
(70, 62) 245
(74, 53) 366
(50, 10) 110
(70, 73) 0
(40, 12) 141
(26, 35) 174
(46, 38) 83
(16, 21) 84
(73, 68) 286
(22, 31) 66
(12, 33) 310
(69, 16) 364
(59, 6) 183
(45, 39) 126
(49, 44) 202
(35, 17) 138
(25, 11) 149
(1, 50) 284
(58, 69) 367
(21, 63) 334
(54, 57) 56
(58, 52) 131
(44, 7) 181
(30, 54) 126
(34, 45) 194
(10, 2) 261
(30, 65) 383
(0, 20) 152
(63, 27) 353
(53, 17) 92
(29, 8) 105
(19, 14) 80
(5, 47) 210
(9, 36) 123
(66, 15) 538
(56, 9) 160
(42, 36) 99
(62, 35) 50
(18, 61) 382
(38, 56) 396
(14, 49) 167
(71, 64) 429
(75, 5) 117
(4, 15) 240
(51, 44) 31
(37, 65) 314
(41, 6) 411
(47, 24) 224
(17, 29) 172
(23, 3) 396
(13, 41) 283
(70, 26) 34
(74, 41) 472
(60, 4) 189
(50, 46) 177
(22, 72) 194
(26, 7) 181
(46, 66) 368
(2, 60) 177
(22, 59) 145
(55, 33) 123
(59, 34) 58
(45, 11) 137
(49, 72) 325
(31, 72) 128
(35, 13) 150
(11, 20) 113
(72, 6) 197
(1, 30) 357
(48, 31) 74
(54, 5) 164
(30, 18) 83
(34, 49) 302
(0, 65) 344
(20, 12) 88
(24, 71) 194
(6, 43) 411
(10, 38) 215
(67, 43) 587
(57, 1) 299
(43, 50) 321
(63, 63) 0
(39, 6) 311
(43, 67) 587
(15, 41) 188
(19, 42) 113
(5, 3) 52
(9, 64) 407
(66, 19) 429
(52, 34) 73
(56, 37) 271
(42, 24) 197
(32, 30) 174
(18, 33) 168
(38, 36) 133
(8, 23) 248
(28, 74) 215
(14, 13) 93
(71, 36) 238
(75, 33) 186
(61, 14) 403
(51, 8) 110
(27, 51) 93
(47, 60) 230
(3, 58) 143
(23, 39) 174
(64, 60) 365
(50, 67) 328
(70, 6) 212
(40, 53) 249
(3, 75) 112
(60, 40) 91
(36, 1) 271
(26, 27) 49
(12, 26) 243
(69, 71) 429
(73, 28) 68
(2, 0) 154
(49, 27) 263
(55, 5) 302
(31, 44) 11
(35, 41) 148
(21, 6) 165
(7, 55) 335
(11, 48) 92
(68, 39) 336
(72, 34) 69
(44, 56) 276
(7, 68) 100
(48, 59) 149
(24, 52) 15
(10, 75) 153
(30, 14) 134
(0, 45) 113
(20, 32) 250
(6, 23) 477
(67, 7) 218
(57, 29) 98
(43, 30) 262
(33, 4) 362
(53, 73) 83
(39, 42) 57
(9, 19) 205
(15, 13) 153
(19, 70) 99
(52, 6) 61
(28, 63) 409
(32, 58) 109
(18, 5) 227
(38, 64) 208
(4, 48) 233
(8, 51) 110
(65, 38) 214
(71, 8) 313
(61, 18) 382
(37, 25) 14
(27, 31) 64
(74, 30) 263
(3, 22) 113
(23, 75) 312
(64, 24) 249
(40, 17) 161
(46, 11) 29
(16, 42) 183
(36, 37) 96
(12, 62) 223
(69, 59) 369
(73, 56) 381
(49, 7) 327
(25, 46) 121
(31, 0) 24
(21, 26) 65
(7, 27) 148
(48, 72) 198
(68, 27) 216
(1, 70) 379
(58, 17) 74
(44, 28) 125
(48, 39) 170
(34, 6) 130
(24, 16) 124
(0, 9) 183
(53, 60) 159
(57, 57) 0
(29, 35) 115
(33, 32) 77
(9, 15) 243
(66, 40) 394
(42, 65) 431
(62, 4) 317
(52, 26) 133
(38, 29) 115
(8, 64) 383
(28, 3) 160
(32, 70) 202
(75, 24) 99
(4, 20) 122
(8, 47) 110
(65, 2) 203
(41, 41) 0
(61, 54) 400
(27, 74) 230
(47, 7) 248
(51, 64) 375
(17, 48) 179
(37, 61) 445
(13, 4) 147
(70, 63) 428
(74, 50) 271
(50, 11) 205
(40, 13) 81
(26, 32) 174
(46, 39) 189
(16, 22) 192
(73, 75) 122
(22, 28) 186
(12, 34) 194
(69, 31) 350
(59, 25) 213
(45, 38) 194
(49, 35) 136
(35, 16) 207
(25, 10) 83
(1, 49) 156
(58, 66) 451
(21, 62) 164
(54, 62) 90
(58, 53) 158
(44, 0) 28
(30, 55) 172
(34, 42) 174
(10, 3) 174
(30, 70) 34
(0, 21) 24
(63, 26) 395
(53, 16) 123
(39, 29) 174
(29, 7) 158
(19, 17) 92
(5, 46) 74
(9, 43) 207
(66, 12) 253
(15, 69) 451
(56, 10) 185
(42, 37) 178
(62, 32) 50
(18, 58) 90
(38, 57) 157
(14, 54) 10
(71, 67) 443
(75, 4) 178
(4, 8) 317
(51, 47) 190
(37, 64) 297
(41, 5) 358
(47, 27) 248
(17, 28) 124
(23, 2) 464
(13, 40) 81
(70, 27) 83
(60, 5) 143
(64, 64) 0
(50, 47) 0
(22, 73) 203
(26, 4) 157
(46, 67) 306
(2, 61) 236
(22, 56) 245
(55, 32) 145
(59, 37) 226
(45, 10) 44
(31, 75) 24
(35, 12) 235
(11, 23) 350
(72, 7) 187
(1, 29) 288
(48, 16) 193
(54, 26) 126
(30, 19) 65
(0, 66) 420
(20, 13) 113
(24, 72) 145
(6, 40) 187
(10, 39) 159
(67, 42) 440
(57, 0) 30
(43, 53) 252
(63, 62) 198
(39, 1) 198
(43, 66) 635
(15, 40) 174
(19, 45) 135
(5, 2) 44
(9, 71) 339
(66, 16) 460
(52, 35) 219
(56, 38) 396
(42, 25) 164
(32, 31) 92
(18, 30) 83
(38, 37) 160
(8, 24) 217
(28, 75) 103
(14, 18) 130
(71, 39) 221
(75, 32) 115
(61, 13) 314
(51, 11) 92
(27, 50) 248
(47, 63) 128
(3, 61) 326
(23, 38) 430
(64, 61) 325
(50, 64) 309
(70, 7) 201
(74, 74) 0
(40, 54) 59
(3, 74) 141
(60, 41) 224
(36, 2) 174
(26, 24) 134
(12, 27) 196
(69, 70) 403
(73, 3) 212
(2, 1) 445
(49, 26) 300
(55, 4) 329
(59, 65) 372
(31, 47) 195
(35, 40) 95
(21, 5) 120
(7, 54) 205
(11, 51) 92
(68, 32) 280
(72, 35) 198
(44, 57) 28
(7, 71) 228
(48, 60) 109
(24, 53) 242
(10, 72) 259
(30, 15) 83
(0, 46) 52
(20, 33) 327
(6, 20) 38
(67, 6) 208
(53, 39) 182
(57, 28) 102
(43, 17) 198
(33, 27) 213
(53, 72) 98
(39, 37) 233
(9, 18) 243
(15, 12) 294
(19, 73) 99
(52, 7) 49
(28, 56) 400
(32, 59) 153
(18, 2) 255
(38, 65) 214
(4, 49) 386
(8, 52) 231
(65, 37) 314
(71, 11) 176
(61, 17) 370
(17, 75) 105
(37, 24) 182
(27, 30) 49
(13, 31) 59
(74, 31) 247
(3, 25) 113
(23, 74) 534
(64, 25) 302
(40, 18) 174
(46, 8) 152
(16, 43) 299
(36, 38) 133
(12, 63) 268
(69, 58) 367
(73, 63) 428
(49, 6) 338
(25, 45) 94
(31, 3) 121
(21, 25) 173
(7, 26) 181
(48, 73) 208
(68, 4) 188
(1, 69) 578
(58, 30) 71
(44, 29) 75
(34, 7) 119
(24, 17) 186
(0, 10) 153
(53, 59) 128
(57, 56) 298
(29, 34) 139
(33, 39) 66
(9, 14) 128
(66, 41) 635
(62, 5) 227
(52, 27) 99
(38, 18) 245
(8, 65) 398
(28, 28) 0
(32, 71) 247
(75, 27) 43
(4, 21) 164
(65, 1) 593
(41, 40) 243
(61, 53) 355
(47, 6) 256
(51, 67) 394
(17, 55) 104
(37, 60) 187
(13, 3) 82
(70, 60) 103
(74, 51) 277
(50, 8) 110
(40, 14) 51
(26, 33) 226
(46, 36) 61
(16, 23) 375
(73, 74) 283
(22, 29) 36
(12, 35) 235
(69, 30) 381
(59, 24) 121
(45, 37) 107
(49, 34) 302
(35, 19) 132
(25, 9) 105
(1, 48) 272
(58, 67) 385
(21, 61) 327
(54, 63) 274
(58, 50) 230
(44, 1) 279
(30, 52) 133
(34, 43) 307
(10, 0) 153
(67, 49) 449
(30, 71) 81
(0, 22) 84
(63, 5) 335
(53, 31) 193
(39, 28) 216
(29, 6) 170
(19, 16) 84
(5, 45) 192
(9, 42) 130
(66, 13) 385
(52, 72) 142
(15, 68) 320
(56, 11) 335
(42, 34) 174
(62, 33) 96
(18, 59) 84
(38, 62) 229
(14, 55) 166
(71, 66) 526
(18, 74) 337
(75, 7) 154
(4, 9) 348
(51, 46) 90
(41, 4) 412
(27, 41) 262
(47, 26) 295
(17, 19) 92
(23, 29) 319
(13, 39) 183
(70, 24) 160
(60, 6) 190
(64, 65) 24
(50, 44) 203
(26, 5) 161
(46, 64) 288
(2, 58) 179
(22, 57) 101
(55, 35) 145
(59, 36) 132
(45, 9) 70
(31, 74) 247
(35, 15) 142
(11, 22) 99
(72, 8) 259
(1, 28) 400
(48, 17) 179
(54, 27) 93
(30, 16) 37
(0, 67) 356
(20, 14) 195
(24, 73) 160
(6, 41) 411
(10, 36) 92
(67, 45) 398
(57, 7) 177
(43, 52) 352
(63, 57) 325
(39, 0) 144
(43, 69) 567
(15, 43) 188
(19, 44) 44
(5, 1) 401
(9, 70) 293
(66, 17) 521
(52, 44) 136
(56, 39) 203
(42, 6) 265
(32, 16) 207
(18, 31) 121
(8, 25) 83
(28, 68) 223
(14, 19) 80
(71, 38) 242
(75, 35) 115
(61, 12) 352
(47, 73) 329
(51, 10) 110
(27, 53) 155
(47, 62) 151
(3, 60) 142
(23, 33) 128
(64, 62) 410
(50, 65) 328
(13, 75) 39
(70, 4) 164
(74, 75) 231
(40, 55) 217
(60, 42) 89
(36, 3) 97
(26, 25) 238
(12, 20) 88
(69, 69) 0
(73, 2) 201
(2, 30) 181
(49, 25) 131
(55, 7) 335
(59, 64) 369
(31, 46) 62
(35, 43) 148
(21, 4) 164
(7, 49) 327
(11, 50) 205
(68, 33) 357
(72, 36) 181
(44, 58) 28
(7, 70) 201
(48, 61) 400
(24, 54) 151
(10, 73) 266
(30, 12) 243
(0, 47) 207
(20, 34) 134
(6, 21) 165
(67, 9) 426
(53, 38) 289
(57, 35) 110
(43, 16) 299
(33, 26) 226
(39, 36) 156
(9, 17) 237
(15, 15) 0
(19, 72) 88
(52, 0) 108
(28, 57) 102
(32, 60) 110
(18, 3) 233
(38, 70) 208
(4, 50) 326
(8, 53) 307
(65, 36) 336
(71, 10) 313
(41, 51) 195
(61, 16) 267
(17, 74) 320
(37, 7) 210
(27, 17) 90
(13, 30) 101
(74, 28) 215
(3, 24) 68
(23, 69) 622
(64, 26) 381
(40, 19) 94
(46, 9) 183
(16, 44) 125
(36, 39) 156
(12, 56) 380
(69, 57) 365
(73, 62) 245
(49, 5) 283
(25, 44) 147
(31, 2) 173
(1, 43) 141
(21, 24) 98
(7, 21) 152
(48, 74) 233
(68, 5) 99
(72, 64) 389
(1, 68) 443
(58, 31) 36
(44, 30) 99
(34, 4) 105
(24, 18) 203
(0, 11) 39
(53, 58) 158
(57, 63) 325
(29, 33) 192
(33, 38) 302
(9, 13) 203
(66, 38) 294
(62, 10) 42
(38, 19) 136
(8, 66) 436
(28, 29) 165
(75, 26) 88
(4, 22) 244
(65, 0) 344
(41, 47) 321
(61, 52) 253
(47, 1) 284
(51, 66) 450
(17, 54) 109
(37, 59) 226
(13, 2) 115
(70, 61) 296
(74, 48) 233
(50, 9) 119
(40, 15) 174
(26, 46) 128
(46, 37) 132
(16, 8) 260
(73, 73) 0
(22, 18) 178
(69, 29) 305
(59, 27) 27
(45, 36) 62
(49, 33) 153
(35, 18) 142
(25, 8) 83
(1, 55) 242
(58, 64) 367
(21, 60) 26
(54, 60) 56
(58, 51) 55
(44, 2) 181
(30, 53) 108
(34, 40) 144
(6, 66) 290
(10, 1) 195
(67, 48) 335
(30, 68) 259
(0, 23) 312
(63, 4) 450
(53, 30) 108
(39, 31) 127
(29, 5) 114
(19, 19) 0
(5, 44) 142
(9, 41) 207
(66, 10) 436
(52, 73) 157
(15, 71) 120
(56, 12) 380
(42, 35) 29
(62, 38) 229
(18, 56) 304
(38, 63) 325
(14, 52) 162
(71, 61) 280
(18, 75) 121
(75, 6) 167
(4, 10) 317
(51, 49) 175
(41, 11) 283
(27, 40) 112
(47, 37) 45
(17, 18) 17
(23, 28) 390
(13, 38) 92
(70, 25) 272
(60, 7) 177
(64, 66) 103
(50, 45) 138
(26, 2) 181
(46, 65) 296
(2, 59) 171
(22, 62) 78
(55, 34) 227
(59, 39) 152
(45, 8) 44
(31, 53) 193
(35, 14) 57
(11, 9) 203
(72, 9) 286
(1, 19) 322
(48, 18) 192
(54, 24) 151
(30, 17) 68
(0, 68) 202
(20, 15) 262
(24, 74) 134
(6, 46) 130
(10, 37) 92
(67, 44) 378
(57, 6) 190
(43, 55) 110
(63, 56) 224
(39, 3) 245
(43, 68) 428
(15, 42) 114
(19, 47) 230
(5, 0) 117
(9, 69) 407
(52, 45) 201
(56, 40) 264
(42, 7) 252
(32, 17) 138
(18, 28) 140
(8, 26) 234
(28, 69) 336
(14, 16) 161
(71, 33) 286
(75, 34) 81
(61, 11) 314
(47, 72) 318
(51, 13) 92
(27, 52) 99
(47, 57) 230
(3, 63) 284
(23, 32) 205
(64, 63) 422
(13, 74) 192
(70, 5) 187
(74, 72) 268
(40, 56) 264
(60, 43) 224
(36, 12) 141
(12, 21) 187
(69, 68) 140
(73, 1) 379
(2, 31) 173
(49, 24) 285
(55, 6) 347
(59, 67) 386
(31, 41) 225
(35, 42) 29
(21, 3) 125
(7, 48) 176
(11, 53) 207
(68, 34) 202
(72, 37) 274
(44, 59) 74
(7, 65) 203
(48, 62) 98
(24, 55) 281
(30, 13) 101
(0, 32) 115
(20, 35) 250
(6, 10) 273
(67, 8) 402
(53, 37) 345
(57, 34) 86
(43, 19) 250
(33, 25) 213
(39, 39) 0
(9, 16) 288
(15, 14) 130
(19, 75) 24
(52, 1) 408
(28, 58) 103
(32, 61) 458
(18, 0) 121
(38, 71) 242
(4, 51) 235
(8, 54) 110
(65, 59) 372
(71, 5) 221
(41, 50) 321
(61, 47) 484
(17, 73) 78
(37, 6) 220
(41, 67) 587
(27, 16) 65
(13, 29) 74
(74, 29) 218
(3, 27) 134
(23, 68) 483
(64, 27) 344
(40, 20) 158
(46, 14) 88
(16, 45) 218
(36, 32) 95
(12, 57) 203
(69, 56) 566
(73, 61) 296
(45, 63) 208
(49, 4) 386
(25, 51) 136
(31, 13) 59
(1, 42) 210
(21, 39) 150
(7, 20) 33
(48, 75) 87
(68, 6) 99
(72, 65) 389
(58, 28) 103
(44, 31) 11
(34, 5) 103
(24, 19) 98
(0, 12) 173
(53, 57) 159
(57, 62) 146
(29, 32) 115
(33, 37) 225
(5, 55) 302
(9, 12) 221
(66, 39) 549
(62, 11) 170
(38, 16) 172
(8, 67) 402
(28, 30) 57
(75, 29) 73
(4, 23) 484
(65, 7) 203
(41, 46) 285
(61, 51) 400
(47, 0) 207
(51, 69) 375
(17, 53) 92
(37, 58) 187
(13, 1) 339
(70, 50) 329
(74, 49) 373
(50, 6) 256
(26, 47) 295
(46, 42) 138
(16, 9) 288
(73, 72) 15
(36, 68) 185
(22, 19) 108
(69, 28) 336
(59, 26) 26
(45, 35) 53
(49, 32) 136
(35, 21) 132
(25, 15) 255
(1, 54) 249
(58, 65) 373
(21, 59) 40
(54, 61) 400
(58, 48) 110
(44, 3) 131
(30, 58) 71
(34, 41) 307
(6, 67) 208
(10, 14) 101
(67, 51) 394
(30, 69) 381
(63, 7) 375
(53, 29) 257
(39, 30) 165
(29, 4) 214
(19, 18) 109
(5, 43) 358
(9, 40) 123
(66, 11) 385
(52, 74) 131
(15, 70) 88
(56, 13) 335
(42, 32) 29
(62, 39) 118
(18, 57) 91
(38, 60) 157
(14, 53) 210
(71, 60) 150
(18, 72) 94
(75, 57) 30
(4, 11) 147
(51, 48) 76
(41, 10) 211
(27, 43) 262
(47, 36) 139
(17, 17) 0
(23, 31) 291
(13, 37) 161
(70, 30) 34
(60, 0) 30
(64, 67) 20
(50, 42) 212
(26, 3) 181
(46, 70) 161
(2, 56) 438
(22, 63) 226
(55, 61) 471
(59, 38) 165
(45, 7) 236
(31, 52) 129
(35, 49) 136
(11, 8) 172
(72, 10) 259
(1, 18) 300
(48, 19) 110
(54, 25) 136
(30, 22) 170
(0, 69) 338
(20, 8) 240
(24, 75) 99
(6, 47) 256
(10, 34) 233
(67, 47) 328
(57, 5) 143
(43, 54) 195
(63, 59) 370
(39, 2) 298
(43, 71) 307
(15, 53) 85
(19, 46) 67
(5, 15) 227
(9, 68) 275
(52, 46) 80
(56, 41) 153
(42, 4) 277
(32, 18) 142
(18, 29) 186
(8, 27) 195
(28, 70) 68
(14, 17) 119
(71, 32) 247
(75, 37) 164
(61, 10) 484
(47, 75) 207
(51, 12) 197
(27, 55) 188
(47, 56) 270
(3, 62) 191
(23, 35) 205
(64, 48) 316
(13, 73) 133
(74, 73) 283
(40, 57) 91
(60, 36) 91
(36, 13) 81
(12, 22) 152
(69, 67) 20
(73, 0) 122
(2, 28) 134
(49, 31) 200
(55, 1) 242
(59, 66) 459
(31, 40) 56
(35, 45) 53
(21, 2) 152
(7, 51) 205
(11, 52) 70
(68, 35) 280
(72, 38) 193
(54, 74) 277
(44, 52) 136
(7, 64) 202
(48, 63) 226
(24, 56) 390
(0, 33) 186
(20, 44) 177
(6, 11) 128
(67, 11) 318
(53, 36) 249
(57, 33) 173
(43, 18) 188
(33, 24) 282
(39, 38) 271
(9, 23) 234
(15, 9) 243
(19, 74) 232
(52, 2) 49
(28, 59) 64
(32, 62) 50
(14, 66) 443
(18, 1) 300
(38, 68) 78
(4, 60) 189
(8, 55) 231
(65, 58) 373
(71, 4) 173
(41, 49) 219
(61, 46) 332
(17, 72) 82
(37, 5) 170
(41, 66) 635
(27, 19) 19
(13, 28) 93
(74, 26) 263
(3, 26) 181
(23, 71) 384
(64, 28) 336
(40, 21) 94
(46, 15) 173
(16, 46) 136
(36, 33) 172
(12, 58) 204
(69, 39) 475
(73, 60) 103
(45, 62) 35
(49, 59) 276
(25, 50) 57
(31, 12) 178
(1, 41) 141
(21, 38) 136
(7, 23) 464
(68, 7) 100
(72, 66) 483
(58, 29) 99
(44, 24) 126
(34, 2) 119
(24, 20) 60
(0, 13) 39
(33, 75) 186
(53, 56) 383
(57, 61) 351
(29, 63) 245
(33, 36) 172
(5, 54) 164
(9, 51) 136
(66, 36) 394
(5, 71) 221
(62, 8) 42
(38, 17) 228
(8, 68) 248
(28, 31) 126
(75, 28) 103
(4, 16) 125
(65, 6) 192
(41, 45) 196
(61, 50) 484
(47, 3) 158
(51, 68) 236
(17, 52) 189
(37, 57) 187
(13, 0) 39
(70, 51) 157
(74, 62) 331
(50, 7) 248
(70, 66) 498
(26, 44) 99
(46, 43) 285
(16, 10) 260
(36, 69) 325
(22, 16) 192
(69, 27) 344
(59, 29) 135
(45, 34) 194
(49, 39) 198
(35, 20) 250
(55, 73) 176
(25, 14) 126
(1, 53) 377
(21, 58) 28
(54, 50) 190
(58, 49) 230
(30, 59) 26
(34, 38) 124
(6, 64) 192
(10, 15) 223
(67, 50) 328
(30, 74) 263
(63, 6) 384
(53, 28) 151
(39, 25) 219
(29, 3) 78
(19, 21) 0
(5, 42) 212
(9, 47) 119
(66, 8) 436
(52, 75) 108
(15, 65) 455
(56, 14) 243
(42, 33) 86
(62, 36) 97
(18, 54) 120
(38, 61) 286
(14, 58) 63
(71, 63) 475
(18, 73) 88
(75, 56) 303
(51, 51) 0
(41, 9) 207
(27, 42) 129
(47, 39) 264
(17, 16) 104
(23, 30) 338
(13, 36) 81
(70, 31) 137
(60, 1) 299
(64, 68) 140
(50, 43) 321
(26, 0) 88
(46, 71) 205
(2, 57) 177
(22, 60) 101
(55, 60) 159
(59, 57) 46
(45, 6) 249
(49, 67) 449
(31, 55) 176
(35, 48) 105
(11, 11) 0
(72, 11) 119
(1, 17) 304
(48, 20) 157
(54, 30) 126
(30, 23) 338
(34, 74) 201
(0, 70) 122
(20, 9) 270
(6, 44) 194
(10, 35) 87
(67, 46) 306
(57, 4) 189
(43, 41) 0
(63, 58) 325
(39, 61) 467
(43, 70) 275
(15, 52) 206
(19, 49) 244
(5, 14) 162
(9, 75) 183
(52, 47) 238
(56, 42) 210
(42, 5) 212
(32, 19) 132
(18, 26) 83
(8, 28) 256
(28, 71) 96
(14, 22) 49
(71, 35) 247
(75, 36) 70
(61, 9) 515
(47, 74) 271
(51, 15) 120
(27, 54) 93
(47, 59) 270
(3, 33) 269
(23, 34) 379
(64, 49) 430
(13, 72) 119
(40, 58) 91
(60, 37) 187
(36, 14) 51
(12, 23) 435
(69, 66) 103
(73, 7) 201
(2, 29) 158
(49, 30) 300
(55, 0) 187
(59, 69) 369
(31, 43) 225
(35, 44) 88
(21, 1) 322
(7, 50) 248
(11, 55) 224
(68, 44) 222
(72, 39) 185
(54, 75) 57
(58, 6) 192
(44, 53) 184
(7, 67) 218
(48, 48) 0
(24, 57) 122
(0, 34) 81
(20, 45) 219
(6, 8) 273
(67, 10) 402
(53, 35) 227
(57, 32) 110
(43, 21) 250
(33, 31) 164
(39, 33) 66
(9, 22) 104
(15, 8) 223
(52, 3) 82
(28, 52) 92
(32, 63) 248
(14, 67) 389
(38, 69) 208
(4, 61) 167
(8, 56) 185
(65, 57) 371
(71, 7) 228
(41, 48) 253
(61, 45) 451
(37, 4) 285
(41, 65) 578
(27, 18) 107
(13, 27) 52
(74, 27) 230
(3, 29) 78
(23, 70) 352
(64, 29) 305
(40, 22) 19
(46, 12) 121
(16, 47) 311
(36, 34) 144
(12, 59) 223
(69, 38) 208
(73, 35) 202
(45, 61) 451
(49, 58) 230
(25, 49) 131
(31, 15) 121
(1, 40) 271
(21, 37) 187
(7, 22) 193
(68, 0) 202
(72, 67) 405
(58, 26) 71
(44, 25) 147
(34, 3) 134
(24, 21) 98
(0, 14) 60
(33, 74) 406
(53, 7) 284
(57, 60) 0
(29, 62) 114
(33, 59) 209
(5, 53) 269
(9, 50) 119
(66, 37) 344
(42, 74) 325
(5, 70) 187
(62, 9) 52
(38, 22) 151
(8, 69) 383
(28, 24) 99
(75, 31) 24
(4, 17) 225
(65, 5) 229
(41, 44) 217
(61, 49) 553
(27, 65) 348
(47, 2) 248
(51, 71) 204
(17, 43) 198
(37, 56) 271
(13, 63) 318
(70, 48) 208
(74, 63) 398
(50, 4) 326
(70, 67) 419
(26, 45) 191
(46, 40) 61
(12, 72) 260
(16, 11) 107
(36, 70) 191
(22, 17) 167
(69, 26) 381
(59, 28) 64
(45, 33) 121
(49, 38) 279
(35, 23) 205
(55, 72) 183
(25, 13) 149
(72, 16) 26
(1, 52) 408
(21, 57) 26
(54, 51) 0
(58, 62) 145
(30, 56) 358
(34, 39) 206
(6, 65) 192
(10, 12) 196
(67, 53) 502
(30, 75) 88
(63, 1) 242
(53, 27) 155
(39, 24) 243
(29, 2) 158
(19, 20) 155
(5, 41) 358
(9, 46) 183
(66, 9) 455
(15, 64) 451
(56, 15) 304
(42, 46) 138
(62, 37) 129
(32, 8) 87
(18, 55) 89
(38, 50) 198
(14, 59) 109
(71, 62) 291
(18, 70) 88
(75, 59) 63
(51, 50) 190
(37, 75) 164
(41, 8) 211
(27, 45) 154
(47, 38) 198
(17, 23) 274
(23, 25) 330
(13, 35) 150
(70, 28) 68
(60, 2) 177
(64, 69) 0
(50, 40) 139
(22, 66) 405
(26, 1) 357
(46, 68) 151
(2, 54) 205
(22, 61) 411
(55, 63) 385
(59, 56) 339
(45, 5) 192
(49, 66) 471
(31, 54) 34
(35, 51) 59
(11, 10) 172
(72, 12) 260
(1, 16) 392
(48, 21) 110
(54, 31) 34
(30, 20) 194
(34, 75) 81
(0, 71) 168
(20, 10) 240
(6, 45) 249
(10, 32) 87
(67, 17) 452
(57, 11) 65
(43, 40) 243
(63, 37) 165
(39, 60) 124
(15, 55) 89
(19, 48) 110
(5, 13) 78
(9, 74) 342
(52, 40) 141
(56, 43) 153
(42, 2) 252
(32, 20) 250
(18, 27) 107
(8, 29) 105
(28, 64) 336
(14, 23) 260
(71, 34) 119
(75, 39) 144
(61, 8) 484
(51, 14) 10
(27, 9) 224
(47, 58) 230
(3, 32) 192
(23, 61) 641
(64, 50) 309
(13, 71) 176
(40, 59) 132
(60, 38) 157
(36, 15) 174
(12, 16) 242
(69, 65) 24
(73, 6) 212
(2, 26) 181
(49, 29) 173
(55, 3) 297
(59, 68) 242
(31, 42) 79
(35, 47) 191
(21, 0) 24
(7, 45) 236
(11, 54) 92
(68, 45) 240
(72, 40) 181
(54, 72) 150
(58, 7) 179
(44, 54) 31
(7, 66) 298
(48, 49) 153
(24, 58) 124
(0, 35) 115
(20, 46) 107
(6, 9) 304
(67, 13) 318
(53, 34) 167
(57, 39) 124
(43, 20) 392
(33, 30) 226
(39, 32) 73
(9, 21) 205
(15, 11) 153
(62, 18) 191
(52, 12) 133
(28, 53) 151
(32, 48) 105
(14, 64) 370
(4, 62) 317
(8, 57) 164
(65, 56) 583
(71, 6) 237
(41, 55) 110
(61, 44) 370
(37, 3) 119
(41, 64) 567
(27, 21) 19
(13, 26) 101
(74, 24) 134
(3, 28) 160
(23, 65) 634
(64, 30) 381
(40, 23) 299
(46, 13) 29
(16, 32) 207
(36, 35) 95
(22, 10) 73
(12, 52) 133
(69, 37) 297
(73, 34) 84
(45, 60) 121
(49, 57) 230
(25, 48) 64
(31, 14) 37
(1, 47) 284
(21, 36) 94
(7, 17) 238
(68, 1) 443
(72, 68) 271
(58, 27) 41
(44, 26) 99
(34, 0) 81
(24, 22) 146
(0, 15) 121
(33, 73) 247
(53, 6) 295
(57, 67) 383
(29, 61) 380
(33, 58) 172
(5, 52) 35
(9, 49) 39
(66, 34) 414
(42, 75) 101
(5, 69) 224
(62, 14) 84
(38, 23) 430
(8, 70) 266
(28, 25) 241
(75, 30) 88
(4, 18) 240
(65, 4) 260
(41, 19) 250
(61, 48) 400
(27, 64) 344
(47, 13) 205
(51, 70) 157
(17, 42) 109
(37, 39) 233
(13, 62) 170
(70, 49) 331
(74, 60) 256
(50, 5) 210
(70, 64) 403
(26, 42) 149
(46, 41) 285
(12, 73) 274
(16, 12) 242
(36, 71) 238
(22, 22) 0
(69, 25) 302
(59, 31) 79
(45, 32) 53
(49, 37) 134
(35, 22) 83
(55, 75) 187
(25, 12) 117
(72, 17) 82
(1, 11) 339
(21, 56) 320
(54, 48) 76
(58, 63) 325
(30, 57) 71
(34, 36) 144
(6, 70) 212
(10, 13) 172
(67, 52) 265
(30, 72) 25
(63, 0) 310
(53, 26) 108
(39, 27) 161
(29, 1) 288
(19, 23) 321
(5, 40) 130
(9, 45) 70
(66, 6) 290
(15, 67) 469
(56, 16) 392
(42, 47) 212
(62, 42) 78
(32, 9) 102
(18, 52) 206
(38, 51) 173
(14, 56) 243
(71, 57) 150
(18, 71) 120
(75, 58) 31
(51, 53) 200
(37, 74) 243
(41, 15) 188
(27, 44) 62
(47, 33) 246
(17, 22) 167
(23, 24) 409
(13, 34) 66
(70, 29) 194
(40, 64) 325
(60, 3) 142
(64, 70) 403
(50, 41) 321
(36, 20) 158
(22, 67) 358
(26, 14) 134
(46, 69) 288
(2, 55) 335
(22, 50) 131
(55, 62) 190
(59, 59) 0
(45, 4) 284
(49, 65) 448
(31, 49) 200
(35, 50) 191
(11, 13) 0
(72, 13) 119
(1, 23) 103
(48, 22) 23
(54, 28) 156
(30, 21) 65
(34, 72) 69
(20, 11) 113
(6, 34) 130
(10, 33) 136
(67, 16) 380
(57, 10) 164
(43, 43) 0
(63, 36) 241
(39, 63) 314
(15, 54) 120
(19, 51) 74
(5, 12) 98
(9, 73) 293
(52, 41) 352
(56, 44) 276
(42, 3) 191
(32, 21) 132
(18, 24) 203
(75, 73) 122
(8, 30) 234
(28, 65) 336
(14, 20) 195
(71, 29) 240
(75, 38) 130
(61, 7) 236
(51, 17) 109
(27, 8) 195
(3, 35) 192
(23, 60) 295
(64, 51) 375
(13, 70) 133
(40, 60) 91
(60, 39) 124
(36, 8) 92
(12, 17) 278
(69, 64) 0
(73, 5) 187
(2, 27) 148
(49, 28) 325
(35, 65) 431
(55, 2) 335
(59, 71) 106
(31, 21) 45
(35, 46) 144
(21, 15) 109
(7, 44) 181
(11, 41) 283
(68, 46) 151
(72, 41) 280
(54, 73) 157
(58, 4) 191
(44, 55) 166
(48, 50) 121
(24, 59) 121
(0, 36) 70
(20, 47) 218
(6, 14) 217
(67, 12) 207
(53, 33) 248
(57, 38) 157
(43, 23) 77
(33, 29) 192
(39, 35) 73
(9, 20) 270
(15, 10) 223
(62, 19) 164
(52, 13) 70
(28, 54) 156
(32, 49) 136
(14, 65) 380
(4, 63) 450
(8, 58) 164
(65, 63) 444
(71, 1) 419
(41, 54) 195
(61, 43) 566
(37, 2) 210
(41, 71) 307
(27, 20) 155
(13, 25) 149
(74, 25) 243
(3, 31) 121
(23, 64) 622
(64, 31) 350
(50, 30) 295
(40, 24) 127
(46, 18) 173
(16, 33) 262
(36, 44) 65
(22, 11) 99
(26, 70) 34
(12, 53) 350
(69, 36) 325
(73, 33) 247
(45, 59) 167
(49, 56) 142
(25, 55) 287
(31, 9) 161
(1, 46) 329
(21, 35) 132
(7, 16) 162
(68, 2) 100
(72, 69) 389
(58, 24) 124
(44, 27) 62
(34, 1) 384
(24, 23) 409
(10, 22) 73
(0, 0) 0
(33, 72) 247
(53, 5) 269
(57, 66) 449
(29, 60) 98
(33, 57) 173
(5, 51) 164
(9, 48) 116
(66, 35) 487
(42, 72) 172
(5, 68) 99
(62, 15) 191
(38, 20) 25
(8, 71) 313
(28, 26) 57
(75, 17) 105
(4, 19) 164
(65, 27) 348
(41, 18) 188
(27, 67) 362
(47, 12) 141
(51, 73) 157
(17, 41) 198
(37, 38) 160
(13, 61) 314
(70, 54) 157
(74, 61) 242
(50, 2) 248
(70, 65) 404
(26, 43) 262
(46, 46) 0
(12, 74) 130
(16, 13) 107
(36, 64) 325
(22, 23) 284
(69, 24) 249
(59, 30) 26
(45, 31) 91
(49, 36) 161
(35, 25) 147
(55, 74) 415
(25, 19) 173
(72, 18) 94
(1, 10) 195
(21, 71) 145
(54, 49) 175
(58, 60) 2
(30, 62) 215
(34, 37) 226
(6, 71) 237
(10, 10) 0
(67, 55) 542
(30, 73) 34
(63, 3) 284
(53, 25) 331
(39, 26) 165
(29, 0) 73
(19, 22) 108
(5, 23) 422
(9, 44) 163
(66, 7) 298
(15, 66) 538
(56, 17) 307
(42, 44) 73
(62, 43) 171
(32, 10) 87
(18, 53) 85
(38, 48) 132
(14, 57) 63
(71, 56) 422
(18, 68) 320
(75, 61) 343
(51, 52) 162
(37, 73) 285
(41, 14) 198
(27, 47) 248
(47, 32) 191
(17, 21) 92
(23, 27) 334
(64, 40) 325
(13, 33) 223
(70, 18) 88
(40, 65) 336
(60, 28) 102
(64, 71) 429
(50, 38) 198
(36, 21) 94
(22, 64) 338
(26, 15) 83
(46, 74) 187
(2, 52) 49
(22, 51) 59
(55, 57) 159
(59, 58) 46
(45, 3) 156
(49, 64) 430
(31, 48) 74
(35, 53) 227
(11, 12) 144
(72, 14) 158
(1, 22) 252
(48, 23) 306
(54, 29) 75
(24, 32) 208
(30, 26) 0
(34, 73) 84
(20, 20) 0
(6, 35) 274
(10, 46) 152
(67, 19) 361
(57, 9) 191
(43, 42) 147
(63, 39) 314
(39, 62) 118
(15, 49) 278
(19, 50) 230
(5, 11) 78
(9, 72) 286
(52, 42) 208
(56, 45) 202
(42, 0) 101
(32, 22) 83
(18, 25) 255
(75, 72) 111
(4, 68) 188
(8, 31) 132
(28, 66) 432
(14, 21) 80
(71, 28) 96
(61, 6) 228
(51, 16) 154
(27, 11) 52
(3, 34) 134
(23, 63) 336
(64, 52) 248
(13, 69) 300
(40, 61) 392
(60, 32) 110
(36, 9) 123
(12, 18) 294
(73, 4) 164
(2, 24) 55
(49, 19) 244
(35, 64) 420
(55, 29) 233
(59, 70) 59
(31, 20) 167
(21, 14) 80
(7, 47) 248
(11, 40) 81
(68, 47) 193
(72, 42) 172
(58, 5) 145
(44, 48) 83
(48, 51) 76
(24, 60) 122
(0, 37) 164
(20, 40) 158
(6, 15) 267
(67, 15) 469
(53, 32) 227
(57, 37) 187
(43, 22) 230
(33, 28) 272
(39, 34) 206
(9, 27) 224
(15, 21) 109
(62, 16) 244
(52, 14) 162
(28, 55) 228
(32, 50) 191
(14, 70) 165
(4, 56) 481
(8, 59) 209
(65, 62) 424
(71, 0) 168
(41, 53) 252
(61, 42) 439
(37, 1) 282
(41, 70) 275
(27, 23) 334
(13, 24) 60
(74, 6) 71
(3, 30) 181
(23, 67) 641
(64, 16) 364
(50, 31) 195
(40, 25) 82
(46, 19) 67
(16, 34) 48
(36, 45) 62
(22, 8) 73
(26, 71) 81
(12, 54) 197
(69, 35) 420
(73, 32) 202
(45, 58) 121
(49, 63) 117
(25, 54) 136
(45, 75) 113
(31, 8) 132
(1, 45) 209
(21, 34) 62
(7, 19) 152
(48, 64) 316
(68, 3) 91
(72, 70) 15
(54, 42) 48
(58, 25) 173
(44, 20) 177
(34, 30) 62
(24, 24) 0
(10, 23) 248
(0, 1) 306
(53, 4) 242
(57, 65) 371
(29, 59) 135
(33, 56) 137
(5, 50) 210
(9, 55) 241
(66, 32) 487
(42, 73) 175
(5, 67) 242
(62, 12) 223
(38, 21) 136
(8, 72) 259
(28, 27) 63
(14, 34) 141
(75, 16) 108
(4, 28) 101
(65, 26) 383
(41, 17) 198
(27, 66) 433
(47, 15) 309
(51, 72) 150
(17, 40) 161
(37, 37) 0
(13, 60) 65
(70, 55) 176
(74, 58) 258
(50, 3) 158
(70, 70) 0
(26, 40) 158
(46, 47) 177
(12, 75) 173
(16, 14) 161
(36, 65) 336
(22, 20) 176
(69, 7) 202
(59, 17) 68
(45, 30) 191
(35, 24) 208
(55, 69) 524
(25, 18) 255
(72, 19) 88
(1, 9) 171
(58, 74) 258
(21, 70) 99
(54, 54) 0
(58, 61) 352
(30, 63) 395
(34, 34) 0
(6, 68) 99
(10, 11) 172
(67, 54) 394
(63, 2) 375
(53, 24) 242
(39, 21) 150
(29, 31) 65
(19, 25) 173
(5, 22) 149
(66, 4) 368
(56, 18) 304
(42, 45) 74
(62, 40) 97
(32, 11) 150
(18, 50) 309
(38, 49) 279
(14, 62) 84
(71, 59) 106
(18, 69) 451
(75, 60) 30
(51, 55) 158
(37, 72) 274
(41, 13) 283
(27, 46) 79
(47, 35) 191
(17, 20) 245
(23, 26) 338
(64, 41) 567
(13, 32) 150
(70, 19) 99
(40, 66) 394
(60, 29) 98
(50, 39) 264
(36, 22) 19
(22, 65) 351
(26, 12) 243
(46, 75) 52
(2, 53) 284
(22, 48) 23
(55, 56) 251
(59, 61) 315
(45, 2) 236
(49, 71) 378
(31, 51) 34
(35, 52) 219
(11, 15) 153
(68, 52) 131
(72, 15) 94
(1, 21) 322
(48, 8) 85
(54, 18) 120
(24, 33) 282
(30, 27) 49
(34, 70) 84
(20, 21) 155
(6, 32) 274
(10, 47) 110
(67, 18) 469
(57, 8) 164
(43, 45) 196
(63, 38) 325
(39, 57) 124
(15, 48) 192
(19, 53) 166
(5, 10) 217
(52, 43) 352
(56, 46) 323
(42, 1) 210
(28, 44) 125
(32, 23) 205
(18, 22) 178
(75, 75) 0
(4, 69) 266
(8, 0) 153
(28, 67) 352
(14, 26) 134
(71, 31) 184
(61, 5) 275
(51, 19) 74
(27, 10) 195
(3, 37) 119
(23, 62) 213
(64, 53) 486
(13, 68) 167
(40, 62) 97
(60, 33) 173
(36, 10) 92
(12, 19) 187
(73, 11) 133
(2, 25) 205
(49, 18) 278
(35, 67) 439
(55, 28) 228
(31, 23) 291
(21, 13) 44
(7, 46) 117
(11, 43) 283
(68, 40) 185
(72, 43) 280
(58, 2) 179
(44, 49) 202
(48, 52) 147
(24, 61) 268
(0, 38) 130
(20, 41) 392
(6, 12) 125
(67, 14) 389
(53, 47) 387
(57, 36) 91
(43, 9) 207
(33, 19) 198
(9, 26) 261
(15, 20) 262
(62, 17) 186
(52, 15) 206
(28, 48) 183
(32, 51) 59
(14, 71) 212
(4, 57) 189
(8, 60) 164
(65, 61) 308
(71, 3) 252
(41, 52) 352
(61, 41) 566
(17, 67) 452
(37, 0) 164
(41, 69) 567
(27, 22) 127
(13, 23) 350
(74, 7) 82
(3, 1) 365
(23, 66) 682
(64, 17) 434
(50, 28) 298
(40, 26) 158
(46, 16) 136
(16, 35) 207
(36, 46) 61
(2, 74) 82
(22, 9) 104
(26, 68) 259
(12, 55) 353
(69, 34) 320
(73, 39) 183
(45, 57) 121
(49, 62) 88
(25, 53) 331
(45, 74) 296
(31, 11) 59
(1, 44) 279
(21, 33) 198
(7, 18) 255
(48, 65) 328
(68, 12) 54
(72, 71) 57
(54, 43) 195
(58, 38) 159
(44, 21) 44
(34, 31) 104
(24, 25) 173
(10, 20) 240
(0, 2) 154
(53, 3) 288
(57, 64) 365
(29, 58) 99
(33, 63) 270
(5, 49) 283
(9, 54) 136
(66, 33) 561
(42, 54) 48
(5, 66) 313
(62, 13) 170
(38, 10) 215
(8, 73) 266
(28, 20) 154
(14, 35) 57
(75, 19) 24
(4, 29) 214
(65, 25) 318
(41, 16) 299
(27, 69) 344
(47, 14) 180
(51, 75) 57
(17, 47) 298
(37, 36) 96
(13, 59) 79
(70, 52) 157
(74, 59) 253
(50, 0) 207
(70, 71) 47
(26, 41) 262
(46, 44) 72
(12, 68) 54
(16, 15) 117
(36, 66) 394
(2, 46) 117
(22, 21) 108
(69, 6) 192
(59, 16) 54
(45, 29) 79
(35, 27) 149
(55, 68) 388
(25, 17) 243
(72, 20) 203
(1, 8) 195
(58, 75) 31
(21, 69) 343
(54, 55) 158
(58, 58) 0
(30, 60) 71
(34, 35) 193
(6, 69) 192
(10, 8) 0
(67, 57) 383
(63, 13) 318
(39, 20) 294
(29, 30) 161
(19, 24) 98
(5, 21) 120
(66, 5) 313
(56, 19) 320
(42, 42) 0
(62, 41) 171
(32, 12) 235
(18, 51) 120
(38, 54) 173
(14, 63) 264
(71, 58) 150
(18, 66) 538
(75, 63) 310
(51, 54) 0
(41, 12) 382
(27, 33) 213
(47, 34) 271
(17, 11) 136
(23, 21) 321
(64, 42) 421
(70, 16) 40
(40, 67) 344
(60, 30) 71
(50, 36) 139
(36, 23) 299
(22, 70) 203
(26, 13) 101
(46, 72) 148
(2, 50) 248
(22, 49) 142
(55, 59) 169
(59, 60) 46
(45, 1) 209
(49, 70) 331
(31, 50) 195
(35, 55) 145
(11, 14) 93
(68, 53) 367
(72, 48) 198
(1, 20) 428
(48, 9) 116
(68, 68) 0
(54, 19) 74
(24, 34) 76
(30, 24) 134
(34, 71) 119
(20, 22) 176
(6, 33) 349
(10, 44) 136
(67, 21) 361
(57, 15) 91
(43, 44) 217
(63, 33) 270
(39, 56) 203
(15, 51) 120
(56, 64) 566
(19, 52) 104
(5, 9) 248
(52, 52) 0
(56, 47) 270
(42, 14) 51
(28, 45) 216
(32, 40) 95
(18, 23) 265
(75, 74) 231
(4, 70) 164
(8, 1) 195
(14, 27) 98
(71, 30) 81
(61, 4) 167
(51, 18) 120
(27, 13) 52
(3, 36) 97
(23, 57) 295
(64, 54) 375
(13, 67) 318
(40, 63) 241
(60, 34) 86
(16, 56) 392
(36, 11) 81
(12, 12) 0
(73, 10) 266
(2, 22) 193
(49, 17) 274
(35, 66) 487
(55, 31) 176
(31, 22) 66
(21, 12) 187
(7, 41) 398
(11, 42) 138
(68, 41) 428
(72, 44) 123
(58, 3) 143
(44, 50) 203
(48, 53) 267
(24, 62) 223
(0, 39) 144
(20, 42) 245
(6, 13) 128
(53, 46) 233
(57, 43) 224
(43, 8) 211
(63, 69) 422
(33, 18) 168
(9, 25) 105
(15, 23) 265
(62, 22) 78
(52, 8) 231
(28, 49) 325
(32, 52) 219
(14, 68) 231
(4, 58) 191
(8, 61) 484
(65, 60) 371
(71, 2) 228
(41, 59) 252
(61, 40) 392
(17, 66) 521
(37, 15) 269
(41, 68) 428
(13, 22) 99
(74, 4) 146
(3, 0) 112
(64, 18) 451
(50, 29) 135
(40, 27) 112
(46, 17) 157
(16, 36) 177
(36, 47) 139
(2, 75) 154
(22, 14) 49
(26, 69) 381
(12, 48) 130
(69, 33) 496
(73, 38) 208
(45, 56) 202
(49, 61) 553
(25, 52) 188
(45, 73) 223
(31, 10) 132
(1, 35) 191
(21, 32) 132
(7, 13) 115
(48, 66) 382
(68, 13) 167
(72, 72) 0
(54, 40) 59
(58, 39) 122
(44, 22) 73
(34, 28) 27
(24, 26) 134
(10, 21) 176
(0, 3) 112
(53, 2) 284
(57, 71) 150
(29, 57) 98
(33, 62) 96
(5, 48) 132
(9, 53) 328
(66, 62) 469
(42, 55) 123
(5, 65) 229
(62, 50) 151
(38, 11) 92
(8, 74) 313
(28, 21) 82
(14, 32) 57
(75, 18) 121
(4, 30) 157
(65, 24) 252
(41, 23) 77
(27, 68) 216
(47, 9) 119
(51, 74) 277
(17, 46) 157
(37, 35) 160
(13, 58) 67
(70, 53) 83
(74, 56) 497
(50, 1) 284
(70, 68) 286
(26, 54) 126
(46, 45) 121
(12, 69) 188
(16, 0) 108
(36, 67) 344
(2, 47) 248
(22, 42) 92
(69, 5) 224
(59, 19) 40
(45, 28) 216
(35, 26) 174
(55, 71) 201
(25, 16) 254
(72, 21) 88
(1, 15) 300
(58, 72) 95
(21, 68) 211
(54, 52) 162
(58, 59) 46
(30, 61) 304
(34, 32) 193
(6, 58) 192
(10, 9) 31
(67, 56) 586
(63, 12) 268
(39, 23) 174
(29, 29) 0
(19, 27) 19
(5, 20) 35
(66, 2) 298
(56, 20) 421
(42, 43) 147
(62, 46) 156
(32, 13) 150
(18, 48) 192
(38, 55) 316
(65, 75) 344
(14, 60) 63
(71, 53) 75
(18, 67) 469
(75, 62) 143
(51, 57) 56
(27, 32) 149
(47, 45) 138
(17, 10) 215
(23, 20) 454
(64, 43) 567
(70, 17) 78
(40, 68) 185
(60, 31) 35
(50, 37) 45
(36, 16) 177
(22, 71) 250
(26, 10) 234
(46, 73) 161
(2, 51) 205
(22, 54) 59
(55, 58) 158
(59, 63) 370
(25, 67) 321
(45, 0) 113
(49, 69) 430
(31, 61) 367
(35, 54) 59
(11, 1) 339
(68, 54) 236
(72, 49) 325
(48, 10) 85
(68, 69) 140
(54, 16) 154
(24, 35) 208
(30, 25) 238
(34, 68) 202
(20, 23) 454
(6, 38) 60
(10, 45) 44
(67, 20) 207
(57, 14) 63
(43, 47) 321
(63, 32) 248
(39, 59) 152
(15, 50) 309
(56, 65) 583
(19, 55) 183
(5, 8) 217
(52, 53) 240
(56, 48) 265
(42, 15) 114
(28, 46) 121
(32, 41) 148
(18, 20) 262
(4, 71) 173
(8, 2) 261
(14, 24) 151
(71, 25) 318
(61, 3) 326
(51, 21) 74
(27, 12) 196
(3, 39) 245
(23, 56) 120
(64, 55) 524
(13, 66) 385
(40, 32) 95
(60, 35) 110
(16, 57) 99
(36, 52) 141
(12, 13) 144
(16, 72) 26
(73, 9) 293
(2, 23) 464
(49, 16) 327
(35, 69) 420
(55, 30) 172
(31, 17) 107
(21, 11) 44
(7, 40) 174
(11, 45) 137
(68, 42) 282
(72, 45) 216
(58, 0) 31
(44, 51) 31
(48, 54) 76
(20, 68) 71
(24, 63) 346
(0, 56) 303
(20, 43) 392
(6, 2) 13
(53, 45) 264
(57, 42) 89
(43, 11) 283
(63, 68) 319
(33, 17) 171
(9, 24) 248
(15, 22) 178
(62, 23) 213
(66, 74) 223
(52, 9) 262
(28, 50) 298
(32, 53) 227
(14, 69) 370
(4, 59) 161
(8, 62) 42
(65, 51) 385
(41, 58) 223
(61, 39) 467
(17, 65) 438
(37, 14) 140
(41, 75) 244
(13, 21) 44
(74, 5) 114
(3, 3) 0
(64, 19) 343
(50, 26) 295
(40, 28) 169
(46, 22) 80
(16, 37) 267
(36, 40) 0
(2, 72) 187
(22, 15) 178
(26, 66) 474
(12, 49) 248
(69, 32) 420
(73, 37) 285
(45, 55) 196
(49, 60) 230
(25, 59) 213
(45, 72) 216
(1, 34) 384
(21, 47) 230
(7, 12) 121
(48, 67) 335
(11, 73) 133
(68, 14) 231
(72, 73) 15
(54, 41) 195
(58, 36) 91
(44, 23) 284
(34, 29) 139
(24, 27) 96
(10, 18) 223
(0, 4) 178
(53, 1) 377
(57, 70) 103
(29, 56) 281
(33, 61) 523
(5, 63) 335
(9, 52) 262
(66, 63) 437
(42, 52) 208
(5, 64) 224
(62, 51) 90
(38, 8) 215
(8, 75) 153
(28, 22) 186
(14, 33) 132
(75, 21) 24
(4, 31) 201
(65, 31) 358
(41, 22) 230
(61, 75) 343
(27, 71) 127
(47, 8) 110
(17, 45) 172
(37, 34) 226
(13, 57) 65
(70, 42) 175
(74, 57) 256
(50, 62) 151
(70, 69) 403
(26, 55) 172
(46, 50) 177
(12, 70) 274
(16, 1) 392
(2, 44) 181
(22, 43) 230
(69, 4) 266
(59, 18) 84
(45, 27) 154
(35, 29) 115
(55, 70) 176
(25, 23) 330
(72, 22) 194
(1, 14) 247
(58, 73) 103
(21, 67) 361
(54, 53) 200
(58, 56) 297
(30, 34) 62
(34, 33) 258
(6, 59) 183
(10, 54) 110
(67, 59) 386
(63, 15) 388
(39, 22) 148
(29, 28) 165
(19, 26) 65
(5, 19) 120
(66, 3) 308
(56, 21) 320
(42, 40) 99
(62, 47) 151
(32, 14) 57
(18, 49) 278
(38, 52) 56
(65, 74) 121
(14, 61) 403
(71, 52) 188
(18, 64) 451
(75, 49) 222
(51, 56) 246
(27, 35) 149
(47, 44) 203
(17, 9) 237
(23, 23) 0
(64, 44) 360
(70, 22) 203
(40, 69) 325
(60, 24) 122
(50, 34) 271
(36, 17) 161
(22, 68) 199
(26, 11) 101
(2, 48) 176
(22, 55) 213
(55, 53) 142
(59, 62) 191
(25, 66) 353
(49, 68) 302
(31, 60) 35
(35, 57) 110
(11, 0) 39
(68, 55) 388
(72, 50) 318
(44, 72) 123
(48, 11) 92
(68, 70) 286
(54, 17) 109
(24, 36) 127
(30, 30) 0
(34, 69) 320
(20, 16) 181
(6, 39) 311
(10, 42) 113
(67, 23) 641
(57, 13) 65
(43, 46) 285
(63, 35) 248
(39, 58) 122
(15, 61) 382
(56, 66) 612
(19, 54) 74
(52, 54) 162
(56, 49) 142
(42, 12) 240
(28, 47) 298
(32, 42) 29
(18, 21) 109
(4, 64) 266
(8, 3) 174
(14, 25) 126
(71, 24) 194
(61, 2) 236
(51, 20) 197
(27, 15) 107
(3, 38) 42
(23, 59) 326
(64, 8) 383
(13, 65) 306
(40, 33) 172
(60, 60) 0
(16, 58) 99
(36, 53) 249
(12, 14) 190
(69, 75) 338
(16, 73) 40
(73, 8) 266
(2, 20) 33
(49, 23) 233
(35, 68) 280
(55, 25) 287
(31, 16) 128
(21, 10) 176
(7, 43) 398
(11, 44) 66
(68, 43) 428
(72, 46) 148
(54, 66) 450
(58, 1) 298
(44, 44) 0
(48, 55) 233
(20, 69) 189
(24, 0) 99
(0, 57) 30
(20, 52) 62
(6, 3) 102
(53, 44) 184
(57, 41) 224
(39, 73) 183
(43, 10) 211
(63, 71) 475
(33, 16) 262
(9, 31) 161
(15, 17) 17
(62, 20) 254
(66, 75) 420
(52, 10) 231
(28, 51) 156
(32, 54) 59
(14, 74) 274
(4, 36) 225
(8, 63) 165
(65, 50) 328
(41, 57) 224
(61, 38) 286
(17, 64) 434
(37, 13) 161
(41, 74) 472
(13, 20) 113
(74, 2) 82
(3, 2) 92
(64, 20) 189
(50, 27) 248
(40, 29) 20
(46, 23) 348
(16, 38) 172
(36, 41) 243
(2, 73) 201
(22, 12) 152
(26, 67) 398
(12, 50) 141
(69, 47) 309
(73, 36) 191
(59, 9) 237
(45, 54) 66
(49, 51) 175
(25, 58) 173
(45, 71) 270
(1, 33) 133
(21, 46) 67
(7, 15) 255
(48, 68) 177
(11, 72) 119
(68, 15) 320
(72, 74) 268
(54, 46) 90
(58, 37) 187
(44, 16) 125
(34, 26) 62
(24, 28) 99
(10, 19) 176
(0, 5) 117
(33, 67) 516
(53, 0) 185
(57, 69) 365
(29, 55) 233
(33, 60) 173
(19, 1) 322
(5, 62) 227
(9, 59) 237
(66, 60) 449
(42, 53) 199
(62, 48) 98
(38, 9) 245
(28, 23) 390
(14, 38) 170
(75, 20) 152
(4, 24) 104
(65, 30) 383
(41, 21) 250
(61, 74) 242
(27, 70) 83
(47, 11) 205
(17, 44) 97
(37, 33) 225
(13, 56) 335
(70, 43) 275
(74, 38) 104
(50, 63) 128
(26, 52) 133
(46, 51) 90
(12, 71) 313
(16, 2) 162
(2, 45) 236
(22, 40) 19
(69, 3) 230
(59, 21) 40
(45, 26) 191
(35, 28) 212
(55, 65) 530
(25, 22) 77
(72, 23) 356
(1, 13) 339
(21, 66) 429
(54, 10) 110
(58, 57) 2
(30, 35) 174
(34, 62) 224
(6, 56) 451
(10, 55) 231
(67, 58) 385
(63, 14) 264
(39, 17) 106
(29, 27) 113
(19, 29) 96
(5, 18) 227
(66, 0) 420
(15, 73) 88
(56, 22) 245
(42, 41) 147
(62, 44) 120
(32, 15) 142
(18, 46) 173
(38, 53) 289
(65, 73) 404
(14, 2) 204
(71, 55) 201
(18, 65) 455
(75, 48) 87
(51, 59) 101
(27, 34) 46
(47, 47) 0
(17, 8) 215
(23, 22) 284
(64, 45) 378
(70, 23) 352
(40, 70) 191
(60, 25) 173
(50, 35) 191
(36, 18) 174
(22, 69) 338
(26, 8) 234
(73, 19) 99
(2, 49) 327
(22, 52) 160
(55, 52) 286
(59, 49) 276
(25, 65) 318
(31, 63) 291
(35, 56) 188
(11, 3) 82
(68, 48) 177
(72, 51) 150
(44, 73) 131
(48, 12) 130
(68, 71) 319
(54, 22) 59
(24, 37) 182
(30, 31) 104
(34, 66) 414
(20, 17) 245
(6, 36) 187
(10, 43) 211
(67, 22) 358
(57, 12) 203
(43, 33) 75
(63, 34) 383
(33, 11) 223
(39, 53) 182
(15, 60) 91
(56, 67) 586
(19, 57) 26
(52, 55) 286
(56, 50) 270
(42, 13) 138
(28, 40) 169
(32, 43) 148
(18, 18) 0
(4, 65) 260
(8, 4) 317
(14, 30) 134
(71, 27) 127
(61, 1) 649
(51, 23) 259
(27, 14) 98
(3, 41) 338
(23, 58) 294
(64, 9) 407
(13, 64) 300
(40, 34) 144
(60, 61) 351
(16, 59) 54
(36, 54) 59
(12, 15) 294
(69, 74) 123
(16, 74) 243
(73, 15) 88
(2, 21) 152
(49, 22) 142
(35, 71) 247
(55, 24) 281
(31, 19) 45
(21, 9) 205
(7, 42) 252
(11, 47) 205
(68, 20) 71
(72, 47) 318
(54, 67) 394
(58, 14) 63
(44, 45) 93
(48, 40) 19
(20, 70) 218
(24, 1) 395
(0, 58) 31
(20, 53) 301
(6, 0) 167
(53, 43) 252
(57, 40) 91
(39, 72) 185
(43, 13) 283
(63, 70) 428
(33, 23) 128
(9, 30) 261
(15, 16) 117
(62, 21) 164
(66, 72) 483
(52, 11) 70
(28, 12) 219
(32, 55) 145
(14, 75) 60
(4, 37) 285
(8, 32) 87
(65, 49) 448
(41, 56) 153
(61, 37) 445
(17, 71) 115
(37, 12) 115
(41, 73) 275
(13, 19) 44
(74, 3) 141
(3, 5) 52
(64, 21) 343
(50, 24) 224
(40, 30) 158
(46, 20) 107
(16, 39) 202
(36, 42) 99
(2, 70) 201
(22, 13) 99
(26, 64) 381
(12, 51) 197
(69, 46) 288
(73, 43) 275
(59, 8) 209
(45, 53) 264
(49, 50) 128
(25, 57) 173
(45, 70) 223
(1, 32) 191
(21, 45) 135
(7, 14) 204
(48, 69) 316
(11, 75) 39
(68, 8) 248
(72, 75) 111
(54, 47) 190
(58, 34) 87
(44, 17) 97
(34, 27) 46
(24, 29) 113
(10, 16) 260
(67, 65) 20
(0, 6) 167
(63, 21) 334
(33, 66) 561
(53, 15) 85
(57, 68) 231
(29, 54) 75
(33, 51) 131
(19, 0) 24
(5, 61) 275
(9, 58) 191
(66, 61) 423
(42, 50) 212
(62, 49) 88
(38, 14) 170
(28, 16) 28
(14, 39) 106
(75, 23) 312
(4, 25) 277
(65, 29) 317
(41, 20) 392
(61, 73) 296
(47, 10) 110
(17, 35) 138
(37, 32) 160
(23, 13) 350
(13, 55) 224
(70, 40) 191
(74, 39) 374
(50, 60) 230
(26, 53) 108
(46, 48) 68
(12, 64) 188
(16, 3) 181
(2, 42) 252
(22, 41) 230
(69, 2) 202
(59, 20) 180
(45, 25) 94
(35, 31) 92
(55, 64) 524
(25, 21) 173
(72, 24) 145
(1, 12) 391
(21, 65) 349
(54, 11) 92
(30, 32) 174
(34, 63) 383
(6, 57) 190
(10, 52) 231
(67, 61) 328
(63, 9) 146
(39, 16) 202
(29, 26) 161
(19, 28) 82
(5, 17) 210
(62, 66) 469
(66, 1) 626
(15, 72) 94
(56, 23) 120
(42, 22) 92
(62, 45) 35
(32, 0) 115
(18, 47) 309
(38, 42) 221
(65, 72) 389
(14, 3) 140
(71, 54) 204
(75, 51) 57
(51, 58) 55
(27, 37) 204
(47, 46) 177
(17, 15) 17
(23, 17) 274
(64, 46) 288
(70, 20) 218
(40, 71) 238
(60, 26) 71
(50, 32) 191
(36, 19) 94
(26, 9) 261
(73, 18) 88
(2, 14) 204
(22, 53) 256
(55, 55) 0
(59, 48) 149
(25, 64) 302
(31, 62) 120
(35, 59) 153
(11, 2) 115
(68, 49) 302
(72, 52) 142
(44, 74) 256
(48, 13) 92
(68, 64) 140
(54, 23) 259
(24, 38) 48
(30, 28) 57
(34, 67) 337
(20, 18) 262
(6, 37) 220
(10, 40) 92
(67, 25) 321
(57, 19) 26
(43, 32) 148
(63, 45) 208
(33, 10) 136
(53, 71) 75
(39, 52) 252
(15, 63) 388
(56, 68) 433
(19, 56) 320
(52, 48) 147
(56, 51) 246
(42, 10) 113
(28, 41) 315
(32, 44) 88
(18, 19) 109
(4, 66) 368
(8, 5) 217
(14, 31) 37
(71, 26) 81
(61, 0) 343
(51, 22) 59
(37, 23) 340
(27, 1) 339
(3, 40) 97
(23, 53) 328
(64, 10) 383
(40, 35) 95
(60, 62) 146
(16, 60) 99
(36, 55) 217
(12, 8) 196
(69, 73) 403
(16, 75) 108
(73, 14) 165
(2, 18) 255
(49, 21) 244
(35, 70) 202
(55, 27) 188
(31, 18) 121
(21, 8) 176
(7, 37) 210
(11, 46) 29
(68, 21) 211
(54, 64) 375
(58, 15) 90
(44, 46) 72
(48, 41) 253
(20, 71) 250
(24, 2) 55
(0, 59) 63
(20, 54) 197
(6, 1) 458
(53, 42) 199
(57, 47) 230
(39, 75) 144
(43, 12) 382
(63, 65) 444
(33, 22) 158
(9, 29) 136
(15, 19) 109
(62, 26) 215
(66, 73) 498
(52, 20) 62
(28, 13) 93
(32, 72) 198
(14, 72) 158
(4, 38) 133
(8, 33) 136
(65, 48) 328
(41, 63) 333
(61, 36) 392
(17, 70) 78
(37, 11) 161
(41, 72) 280
(13, 18) 153
(74, 0) 231
(3, 4) 168
(64, 22) 338
(50, 25) 57
(40, 31) 56
(46, 21) 67
(16, 24) 124
(36, 43) 243
(2, 71) 228
(22, 2) 193
(26, 65) 383
(12, 44) 188
(69, 45) 378
(73, 42) 175
(59, 11) 79
(45, 52) 201
(49, 49) 0
(25, 56) 265
(45, 69) 378
(1, 39) 198
(21, 44) 44
(7, 9) 292
(48, 70) 208
(11, 74) 192
(68, 9) 275
(54, 44) 31
(58, 35) 109
(44, 18) 111
(34, 24) 76
(24, 30) 134
(10, 17) 215
(67, 64) 20
(0, 7) 154
(63, 20) 346
(33, 65) 508
(53, 14) 210
(57, 75) 30
(29, 53) 257
(33, 50) 246
(19, 3) 125
(5, 60) 143
(9, 57) 191
(66, 58) 451
(42, 51) 48
(62, 54) 90
(38, 15) 245
(28, 17) 124
(14, 36) 51
(75, 22) 84
(4, 26) 157
(65, 28) 336
(51, 33) 131
(41, 27) 262
(61, 72) 288
(47, 21) 230
(17, 34) 124
(37, 47) 45
(23, 12) 435
(13, 54) 92
(70, 41) 275
(74, 36) 237
(50, 61) 484
(26, 50) 295
(46, 49) 221
(12, 65) 203
(16, 4) 125
(2, 43) 398
(22, 46) 80
(69, 1) 578
(59, 23) 326
(45, 24) 188
(31, 69) 350
(35, 30) 174
(55, 67) 542
(25, 20) 178
(11, 25) 149
(72, 25) 261
(1, 3) 365
(21, 64) 343
(54, 8) 110
(30, 33) 226
(34, 60) 86
(6, 62) 284
(10, 53) 307
(67, 60) 383
(63, 8) 165
(39, 19) 150
(29, 25) 78
(19, 31) 45
(5, 16) 151
(62, 67) 430
(66, 30) 474
(15, 75) 121
(56, 24) 390
(42, 23) 212
(32, 1) 191
(18, 44) 111
(38, 43) 368
(14, 0) 60
(71, 49) 378
(75, 50) 207
(51, 61) 400
(27, 36) 112
(47, 41) 321
(17, 14) 119
(23, 16) 375
(64, 47) 309
(70, 21) 99
(40, 72) 181
(60, 27) 40
(50, 33) 246
(36, 28) 169
(26, 22) 170
(73, 17) 78
(2, 15) 255
(55, 54) 158
(59, 51) 101
(25, 71) 318
(31, 57) 35
(35, 58) 109
(11, 5) 78
(68, 50) 193
(72, 53) 98
(44, 75) 28
(48, 14) 67
(68, 65) 152
(54, 20) 197
(24, 39) 243
(10, 70) 266
(30, 29) 161
(34, 64) 320
(20, 19) 155
(6, 26) 192
(10, 41) 211
(67, 24) 266
(57, 18) 91
(43, 35) 148
(63, 44) 297
(33, 9) 134
(53, 70) 83
(39, 55) 72
(15, 62) 191
(56, 69) 566
(19, 59) 40
(52, 49) 300
(56, 52) 402
(42, 11) 138
(28, 42) 190
(32, 45) 53
(18, 16) 117
(75, 65) 344
(4, 67) 279
(8, 6) 273
(65, 43) 578
(14, 28) 161
(71, 21) 145
(61, 31) 367
(51, 25) 136
(37, 22) 91
(27, 0) 43
(3, 43) 338
(60, 72) 95
(23, 52) 420
(64, 11) 300
(40, 36) 0
(60, 63) 325
(16, 61) 267
(36, 48) 19
(12, 9) 221
(69, 72) 389
(73, 13) 133
(2, 19) 152
(49, 20) 304
(35, 73) 202
(55, 26) 172
(25, 35) 147
(31, 29) 65
(21, 23) 321
(7, 36) 174
(11, 33) 223
(68, 22) 199
(54, 65) 385
(1, 75) 306
(58, 12) 204
(44, 47) 203
(48, 42) 113
(20, 64) 189
(24, 3) 68
(0, 60) 30
(20, 55) 337
(6, 6) 0
(53, 41) 252
(57, 46) 82
(39, 74) 374
(43, 15) 188
(63, 64) 422
(33, 21) 198
(9, 28) 286
(15, 18) 0
(62, 27) 182
(66, 70) 498
(52, 21) 104
(28, 14) 161
(32, 73) 202
(14, 73) 165
(4, 39) 311
(8, 34) 233
(65, 55) 530
(41, 62) 171
(61, 35) 458
(17, 69) 434
(37, 10) 92
(13, 17) 136
(74, 1) 505
(3, 7) 92
(64, 23) 622
(50, 22) 131
(40, 0) 70
(46, 26) 128
(16, 25) 254
(2, 68) 100
(22, 3) 113
(12, 45) 191
(69, 44) 360
(73, 41) 275
(59, 10) 209
(45, 51) 66
(49, 48) 153
(25, 63) 173
(45, 68) 240
(1, 38) 403
(21, 43) 250
(7, 8) 261
(48, 71) 255
(68, 10) 248
(54, 45) 66
(58, 32) 109
(44, 19) 44
(34, 25) 215
(24, 31) 118
(10, 30) 234
(67, 67) 0
(0, 24) 99
(63, 23) 336
(33, 64) 496
(53, 13) 207
(57, 74) 256
(29, 52) 127
(33, 49) 153
(19, 2) 152
(5, 59) 146
(9, 56) 160
(66, 59) 459
(42, 48) 113
(62, 55) 190
(38, 12) 78
(28, 18) 140
(14, 37) 140
(75, 9) 183
(4, 27) 150
(65, 19) 349
(51, 32) 59
(41, 26) 262
(61, 71) 280
(47, 20) 218
(17, 33) 171
(37, 46) 132
(23, 15) 265
(13, 53) 207
(70, 46) 161
(74, 37) 243
(50, 58) 230
(26, 51) 126
(46, 54) 90
(12, 66) 253
(16, 5) 151
(36, 72) 181
(2, 40) 174
(22, 47) 131
(69, 0) 338
(55, 45) 196
(59, 22) 145
(45, 23) 244
(31, 68) 212
(35, 1) 191
(55, 66) 604
(25, 27) 191
(11, 24) 60
(72, 26) 25
(1, 2) 445
(54, 9) 136
(30, 38) 181
(34, 61) 265
(6, 63) 384
(10, 50) 110
(67, 63) 440
(63, 11) 318
(39, 18) 102
(29, 24) 113
(15, 37) 269
(19, 30) 65
(5, 31) 133
(62, 64) 410
(66, 31) 428
(15, 74) 337
(56, 25) 265
(42, 20) 245
(32, 2) 261
(18, 45) 181
(38, 40) 133
(14, 1) 247
(71, 48) 255
(75, 53) 185
(51, 60) 56
(27, 39) 161
(47, 40) 139
(17, 13) 136
(23, 19) 321
(64, 32) 420
(70, 10) 266
(40, 73) 191
(60, 20) 178
(36, 29) 20
(26, 23) 338
(73, 16) 40
(2, 12) 121
(55, 49) 268
(59, 50) 270
(25, 70) 272
(31, 56) 280
(35, 61) 458
(11, 4) 147
(68, 51) 236
(72, 54) 150
(44, 68) 222
(48, 15) 192
(68, 66) 218
(54, 21) 74
(24, 40) 127
(10, 71) 313
(30, 2) 181
(34, 65) 322
(20, 28) 154
(6, 27) 160
(67, 27) 362
(57, 17) 76
(43, 34) 307
(63, 47) 128
(29, 75) 73
(33, 8) 136
(53, 69) 486
(39, 54) 100
(15, 57) 91
(56, 70) 381
(19, 58) 28
(52, 50) 238
(56, 53) 383
(42, 8) 113
(28, 43) 315
(32, 46) 144
(18, 17) 17
(75, 64) 338
(8, 7) 261
(65, 42) 431
(14, 29) 68
(71, 20) 250
(61, 30) 304
(51, 24) 151
(37, 21) 187
(27, 3) 134
(3, 42) 191
(60, 73) 103
(23, 55) 186
(64, 12) 188
(40, 37) 96
(60, 56) 298
(16, 62) 244
(36, 49) 161
(12, 10) 196
(69, 55) 524
(73, 12) 274
(2, 16) 162
(49, 11) 241
(35, 72) 198
(55, 21) 183
(25, 34) 215
(31, 28) 126
(21, 22) 108
(7, 39) 298
(11, 32) 150
(68, 23) 483
(54, 70) 157
(1, 74) 505
(58, 13) 67
(44, 40) 65
(48, 43) 253
(20, 65) 194
(24, 4) 104
(0, 61) 343
(20, 48) 157
(6, 7) 13
(53, 40) 249
(57, 45) 121
(39, 69) 475
(43, 14) 198
(63, 67) 440
(29, 47) 135
(33, 20) 327
(9, 3) 204
(15, 29) 186
(62, 24) 223
(66, 71) 526
(52, 22) 160
(28, 15) 140
(32, 74) 329
(4, 32) 293
(8, 35) 87
(65, 54) 385
(41, 61) 566
(61, 34) 265
(17, 68) 303
(37, 9) 111
(13, 16) 107
(74, 14) 274
(3, 6) 102
(50, 23) 352
(40, 1) 271
(46, 27) 79
(16, 26) 37
(2, 69) 202
(22, 0) 84
(12, 46) 121
(69, 43) 567
(73, 40) 191
(59, 13) 79
(45, 50) 138
(49, 55) 268
(25, 62) 118
(45, 67) 398
(1, 37) 282
(21, 42) 113
(7, 11) 115
(68, 11) 167
(54, 34) 136
(58, 33) 172
(44, 12) 188
(34, 22) 161
(10, 31) 132
(67, 66) 96
(0, 25) 150
(63, 22) 226
(33, 71) 286
(53, 12) 350
(57, 73) 103
(29, 51) 75
(33, 48) 181
(19, 5) 120
(5, 58) 145
(9, 63) 146
(66, 56) 612
(42, 49) 165
(5, 75) 117
(62, 52) 236
(38, 13) 92
(28, 19) 82
(14, 42) 51
(75, 8) 153
(4, 4) 0
(65, 18) 455
(51, 35) 59
(41, 25) 288
(61, 70) 296
(47, 23) 352
(17, 32) 138
(37, 45) 107
(23, 14) 260
(13, 52) 70
(70, 47) 329
(74, 34) 201
(50, 59) 270
(26, 48) 175
(46, 55) 237
(12, 67) 207
(16, 6) 172
(36, 73) 191
(2, 41) 398
(22, 44) 73
(69, 15) 451
(55, 44) 166
(59, 41) 252
(45, 22) 43
(31, 71) 184
(35, 0) 115
(25, 26) 238
(11, 27) 52
(72, 27) 70
(1, 1) 0
(54, 14) 10
(30, 39) 165
(34, 58) 87
(6, 60) 190
(10, 51) 110
(67, 62) 430
(43, 57) 224
(63, 10) 165
(39, 13) 183
(29, 23) 319
(15, 36) 174
(19, 33) 198
(5, 30) 161
(62, 65) 424
(66, 28) 432
(56, 26) 358
(42, 21) 113
(32, 3) 192
(18, 42) 114
(38, 41) 368
(14, 6) 217
(71, 51) 204
(75, 52) 108
(51, 63) 274
(27, 38) 139
(47, 43) 321
(17, 12) 278
(3, 49) 237
(23, 18) 265
(64, 33) 496
(70, 11) 133
(74, 70) 283
(40, 74) 237
(60, 21) 26
(36, 30) 158
(26, 20) 194
(73, 23) 352
(2, 13) 115
(55, 48) 233
(59, 53) 128
(25, 69) 302
(31, 59) 79
(35, 60) 110
(11, 7) 115
(68, 60) 231
(72, 55) 183
(44, 69) 360
(48, 0) 87
(68, 67) 159
(24, 41) 343
(10, 68) 248
(30, 3) 181
(20, 29) 140
(6, 24) 68
(67, 26) 398
(57, 16) 99
(43, 37) 300
(63, 46) 292
(29, 74) 218
(33, 15) 168
(53, 68) 367
(39, 49) 198
(15, 56) 304
(56, 71) 422
(19, 61) 327
(52, 51) 162
(56, 54) 246
(42, 9) 130
(28, 36) 169
(32, 47) 191
(18, 14) 130
(75, 67) 356
(8, 8) 0
(65, 41) 578
(71, 23) 384
(61, 29) 380
(51, 27) 93
(37, 20) 182
(27, 2) 148
(3, 45) 156
(60, 74) 256
(23, 54) 259
(64, 13) 300
(40, 38) 133
(60, 57) 0
(16, 63) 418
(36, 50) 139
(12, 11) 144
(69, 54) 375
(73, 51) 157
(2, 17) 238
(49, 10) 70
(35, 75) 115
(55, 20) 337
(25, 33) 213
(31, 31) 0
(21, 21) 0
(7, 38) 50
(11, 35) 150
(68, 16) 250
(54, 71) 204
(1, 73) 379
(58, 10) 164
(44, 41) 217
(48, 44) 83
(20, 66) 280
(24, 5) 27
(0, 62) 143
(20, 49) 304
(6, 4) 89
(53, 55) 142
(57, 44) 28
(39, 68) 336
(43, 1) 141
(63, 66) 437
(29, 46) 49
(33, 43) 75
(9, 2) 292
(15, 28) 140
(62, 25) 118
(66, 68) 218
(52, 23) 420
(28, 8) 256
(32, 75) 115
(4, 33) 362
(8, 36) 92
(65, 53) 487
(41, 60) 224
(61, 33) 523
(17, 59) 68
(37, 8) 92
(13, 15) 153
(74, 15) 337
(3, 9) 204
(50, 20) 218
(40, 2) 174
(46, 24) 67
(16, 27) 65
(2, 66) 298
(22, 1) 252
(12, 47) 141
(69, 42) 421
(73, 47) 329
(59, 12) 223
(45, 49) 109
(49, 54) 175
(25, 61) 439
(45, 66) 440
(1, 36) 271
(21, 41) 250
(7, 10) 261
(54, 35) 59
(58, 46) 83
(44, 13) 66
(34, 23) 379
(10, 28) 256
(67, 69) 20
(0, 26) 88
(63, 17) 380
(33, 70) 247
(53, 11) 207
(57, 72) 95
(29, 50) 135
(33, 55) 123
(19, 4) 164
(5, 57) 143
(9, 62) 52
(66, 57) 449
(52, 68) 131
(42, 62) 78
(5, 74) 114
(62, 53) 276
(38, 2) 50
(14, 43) 198
(75, 11) 39
(4, 5) 117
(65, 17) 438
(51, 34) 136
(41, 24) 343
(61, 69) 325
(47, 22) 131
(17, 39) 106
(37, 44) 161
(23, 9) 234
(13, 51) 92
(70, 44) 131
(74, 35) 329
(50, 56) 270
(26, 49) 300
(46, 52) 80
(16, 7) 162
(36, 74) 237
(2, 38) 50
(22, 45) 43
(69, 14) 370
(55, 47) 334
(59, 40) 132
(45, 21) 135
(31, 70) 137
(35, 3) 192
(25, 25) 0
(11, 26) 101
(72, 28) 54
(1, 0) 306
(54, 15) 120
(30, 36) 158
(34, 59) 58
(6, 61) 228
(10, 48) 85
(67, 33) 516
(43, 56) 153
(63, 53) 472
(39, 12) 296
(43, 73) 275
(29, 22) 36
(15, 39) 102
(19, 32) 132
(5, 29) 114
(62, 70) 245
(66, 29) 375
(56, 27) 337
(42, 18) 114
(32, 4) 293
(18, 43) 188
(38, 46) 83
(14, 7) 204
(71, 50) 375
(75, 55) 187
(47, 69) 309
(51, 62) 90
(27, 57) 40
(47, 42) 212
(17, 3) 217
(3, 48) 93
(23, 45) 244
(64, 34) 320
(70, 8) 266
(74, 71) 306
(40, 75) 70
(3, 65) 241
(60, 22) 101
(36, 31) 56
(26, 21) 65
(73, 22) 203
(2, 10) 261
(55, 51) 158
(59, 52) 122
(25, 68) 171
(31, 58) 36
(35, 63) 248
(7, 61) 236
(11, 6) 128
(68, 61) 315
(72, 56) 380
(44, 70) 131
(48, 1) 272
(24, 42) 197
(10, 69) 383
(30, 0) 88
(20, 30) 194
(6, 25) 215
(67, 29) 325
(57, 23) 295
(43, 36) 243
(63, 41) 333
(29, 73) 194
(33, 14) 132
(53, 67) 502
(39, 48) 170
(15, 59) 84
(56, 72) 380
(19, 60) 26
(52, 60) 129
(56, 55) 251
(28, 37) 253
(32, 32) 0
(18, 15) 0
(75, 66) 420
(38, 74) 104
(8, 9) 31
(65, 40) 336
(71, 22) 250
(61, 28) 252
(51, 26) 126
(37, 19) 187
(27, 5) 120
(3, 44) 131
(60, 75) 30
(23, 49) 233
(64, 14) 370
(40, 39) 156
(60, 58) 2
(16, 48) 193
(36, 51) 59
(12, 4) 209
(69, 53) 486
(73, 50) 329
(49, 9) 39
(35, 74) 329
(55, 23) 186
(25, 32) 147
(31, 30) 104
(21, 20) 155
(7, 33) 336
(11, 34) 66
(68, 17) 303
(54, 68) 236
(1, 72) 379
(58, 11) 67
(44, 42) 73
(48, 45) 64
(20, 67) 207
(24, 6) 68
(0, 63) 310
(20, 50) 218
(6, 5) 57
(53, 54) 200
(57, 51) 56
(39, 71) 221
(43, 0) 244
(29, 45) 79
(33, 42) 86
(9, 1) 171
(15, 31) 121
(62, 30) 215
(66, 69) 103
(52, 16) 119
(28, 9) 286
(4, 34) 105
(8, 37) 92
(65, 52) 250
(41, 35) 148
(61, 32) 458
(17, 58) 74
(37, 55) 301
(13, 14) 93
(74, 12) 130
(3, 8) 174
(50, 21) 230
(40, 3) 97
(46, 25) 121
(16, 28) 28
(2, 67) 218
(22, 6) 206
(12, 40) 141
(69, 41) 567
(73, 46) 161
(59, 15) 84
(45, 48) 64
(49, 53) 363
(25, 60) 173
(45, 65) 391
(1, 59) 339
(21, 40) 94
(7, 5) 44
(54, 32) 59
(58, 47) 230
(44, 14) 36
(34, 20) 134
(10, 29) 105
(67, 68) 159
(0, 27) 43
(63, 16) 418
(33, 69) 496
(53, 10) 307
(29, 49) 173
(33, 54) 131
(19, 7) 152
(5, 56) 394
(9, 61) 515
(66, 54) 450
(52, 69) 248
(56, 0) 303
(42, 63) 275
(5, 73) 187
(62, 58) 145
(38, 3) 42
(14, 40) 51
(71, 73) 47
(75, 10) 153
(4, 6) 89
(65, 16) 364
(51, 37) 150
(41, 31) 225
(61, 68) 315
(47, 17) 298
(17, 38) 228
(37, 43) 300
(23, 8) 248
(13, 50) 205
(70, 45) 223
(74, 32) 329
(50, 57) 230
(26, 62) 215
(46, 53) 233
(36, 75) 70
(2, 39) 298
(22, 34) 161
(69, 13) 300
(55, 46) 237
(59, 43) 252
(45, 20) 219
(31, 65) 358
(35, 2) 261
(25, 24) 173
(11, 29) 74
(72, 29) 183
(1, 7) 445
(54, 12) 197
(30, 37) 252
(34, 56) 381
(0, 72) 111
(6, 50) 256
(10, 49) 70
(67, 32) 439
(43, 59) 252
(63, 52) 361
(39, 15) 102
(43, 72) 280
(29, 21) 96
(15, 38) 245
(19, 35) 132
(5, 28) 126
(62, 71) 291
(66, 26) 474
(56, 28) 400
(42, 19) 113
(32, 5) 218
(18, 40) 174
(38, 47) 198
(65, 67) 20
(14, 4) 238
(71, 45) 270
(75, 54) 57
(47, 68) 193
(51, 1) 249
(27, 56) 337
(47, 53) 387
(17, 2) 238
(3, 51) 145
(23, 44) 284
(64, 35) 420
(50, 74) 271
(70, 9) 293
(74, 68) 80
(3, 64) 230
(60, 23) 295
(36, 24) 127
(26, 18) 83
(73, 21) 99
(2, 11) 115
(55, 50) 334
(59, 55) 169
(25, 75) 150
(31, 37) 152
(35, 62) 50
(7, 60) 177
(11, 57) 65
(68, 62) 273
(72, 57) 95
(44, 71) 178
(48, 2) 176
(24, 43) 343
(10, 66) 436
(30, 1) 357
(20, 31) 167
(6, 30) 192
(67, 28) 352
(57, 22) 101
(43, 39) 101
(63, 40) 241
(29, 72) 183
(33, 13) 223
(53, 66) 581
(39, 51) 100
(15, 58) 90
(56, 73) 381
(19, 63) 334
(52, 61) 253
(56, 56) 0
(28, 38) 147
(32, 33) 77
(18, 12) 294
(75, 69) 338
(38, 75) 130
(8, 10) 0
(65, 47) 328
(71, 17) 115
(61, 27) 311
(51, 29) 75
(37, 18) 269
(27, 4) 150
(3, 47) 158
(60, 68) 231
(23, 48) 306
(64, 15) 451
(40, 40) 0
(60, 59) 46
(46, 2) 117
(16, 49) 327
(36, 60) 91
(12, 5) 98
(69, 52) 248
(16, 64) 364
(73, 49) 331
(49, 8) 70
(55, 22) 213
(25, 39) 219
(31, 25) 138
(21, 19) 0
(7, 32) 261
(11, 37) 161
(68, 18) 320
(54, 69) 375
(58, 8) 164
(44, 43) 217
(48, 46) 68
(24, 7) 55
(0, 48) 87
(20, 51) 197
