General parameters 

20 69 720 750


Customer schedules 

0 0	0 [0,720]	
1 65	1 [0,27]	2 [151,182]	3 [285,287]	4 [348,369]	5 [489,495]	6 [611,720]	
2 82	7 [0,30]	8 [107,142]	9 [272,285]	10 [376,577]	11 [593,631]	12 [638,720]	
3 54	13 [0,4]	14 [94,305]	15 [395,720]	
4 61	16 [0,17]	17 [133,137]	18 [260,304]	19 [429,458]	20 [581,601]	21 [647,720]	
5 74	22 [0,720]	
6 63	23 [0,720]	
7 38	24 [0,184]	25 [194,304]	26 [314,720]	
8 26	27 [0,105]	28 [151,166]	29 [225,278]	30 [516,518]	31 [685,720]	
9 53	32 [0,720]	
10 46	33 [0,57]	34 [157,216]	35 [405,506]	36 [661,720]	
11 58	37 [0,4]	38 [84,136]	39 [265,479]	40 [514,533]	41 [605,720]	
12 32	42 [0,720]	
13 61	43 [0,720]	
14 35	44 [0,10]	45 [141,143]	46 [341,355]	47 [567,570]	48 [661,665]	49 [691,720]	
15 34	50 [0,720]	
16 36	51 [0,127]	52 [367,368]	53 [509,537]	54 [652,720]	
17 78	55 [0,1]	56 [157,159]	57 [489,504]	58 [528,531]	59 [687,720]	
18 18	60 [0,720]	
19 36	61 [0,720]	
20 51	62 [0,40]	63 [124,142]	64 [229,293]	65 [320,376]	66 [488,562]	67 [705,720]	
21 0	68 [0,720]	


Location coordinates

0 	 0.0 0.0
1 	 -24.9092919754 0.199475305564
2 	 -9.96463347489 60.5880080209
3 	 -46.1984504088 24.1983659172
4 	 -27.7353659129 -0.139958543777
5 	 17.0474859104 40.0657953962
6 	 -24.9092919754 0.199475305564
7 	 -99.1953873501 55.854955866
8 	 -67.0014027941 34.9621723287
9 	 -129.492562323 16.4677986127
10 	 -103.176505661 53.7735566354
11 	 -95.7718021144 56.1041274543
12 	 -99.1953873501 55.854955866
13 	 2.95037984815 -27.6502630914
14 	 8.73943440424 16.9201807737
15 	 2.95037984815 -27.6502630914
16 	 27.6187230904 63.4349105011
17 	 84.348353703 51.2260768082
18 	 23.4740580119 41.643332693
19 	 22.1094917918 104.149518049
20 	 43.0360543445 46.453541276
21 	 27.6187230904 63.4349105011
22 	 8.28996826124 -48.7491073551
23 	 -77.0967001162 37.3740539086
24 	 161.929532442 64.7041479591
25 	 166.361961365 61.9984946912
26 	 161.929532442 64.7041479591
27 	 -105.907359212 2.85948433855
28 	 -113.919643702 24.4068196321
29 	 -88.1993665337 38.8663448235
30 	 -178.118601526 -38.7988126162
31 	 -105.907359212 2.85948433855
32 	 -100.854401843 -19.7583995639
33 	 29.475435611 43.0766367655
34 	 79.1450004131 48.3018763841
35 	 33.6625965031 -34.4298331269
36 	 29.475435611 43.0766367655
37 	 72.0915222841 15.7458739762
38 	 86.4844661731 -21.7692149679
39 	 110.806115559 37.8405594652
40 	 107.904903155 20.4777153828
41 	 72.0915222841 15.7458739762
42 	 -52.4183198 26.8402499227
43 	 -51.652591447 19.3772710509
44 	 63.1774403253 40.1003085488
45 	 125.34720063 19.4989338055
46 	 74.1940324001 104.061149094
47 	 48.7402186279 1.22394706578
48 	 76.0301638445 37.3653136929
49 	 63.1774403253 40.1003085488
50 	 -16.8559124209 48.8693672414
51 	 -52.5596841612 -2.83678096318
52 	 60.6843427964 -42.2416681611
53 	 -9.85611936229 -41.5189125875
54 	 -52.5596841612 -2.83678096318
55 	 3.76864577066 170.422193095
56 	 -39.5311104358 235.131133197
57 	 38.1638411846 89.8027035997
58 	 40.2436139539 101.443685795
59 	 3.76864577066 170.422193095
60 	 -11.7218787123 -8.78025898776
61 	 -35.1904919401 51.7745651669
62 	 -102.77408665 -15.9681744742
63 	 -142.861798601 -29.2461341339
64 	 -103.815692286 -10.2473017143
65 	 -91.3204458744 -5.74670324133
66 	 -53.3226826425 35.4202805551
67 	 -102.77408665 -15.9681744742
68 	 0.0 0.0


Travel time matrix 

(32, 54) 102
(31, 6) 162
(53, 53) 0
(57, 50) 137
(40, 22) 243
(21, 28) 294
(4, 36) 143
(43, 3) 15
(8, 63) 199
(7, 25) 531
(65, 50) 185
(46, 12) 360
(29, 44) 302
(68, 25) 355
(33, 41) 101
(16, 47) 131
(36, 34) 100
(1, 64) 159
(58, 19) 37
(41, 57) 163
(61, 38) 284
(44, 34) 36
(9, 0) 261
(48, 37) 44
(12, 59) 308
(34, 8) 293
(15, 30) 363
(37, 13) 163
(24, 14) 321
(62, 31) 38
(45, 61) 327
(66, 66) 0
(49, 58) 131
(13, 20) 169
(52, 17) 193
(0, 55) 341
(20, 58) 110
(3, 2) 103
(25, 49) 211
(64, 20) 315
(28, 10) 63
(50, 27) 200
(31, 15) 226
(53, 62) 193
(1, 40) 268
(57, 59) 175
(40, 29) 394
(21, 37) 130
(4, 35) 140
(8, 38) 327
(7, 22) 300
(65, 11) 124
(46, 23) 330
(29, 37) 323
(68, 0) 0
(33, 34) 100
(16, 38) 207
(36, 41) 101
(45, 9) 509
(58, 26) 254
(41, 34) 67
(22, 12) 300
(61, 63) 269
(26, 67) 553
(9, 9) 0
(66, 42) 17
(12, 50) 165
(34, 3) 255
(17, 57) 120
(37, 54) 252
(59, 9) 407
(24, 21) 269
(42, 20) 194
(45, 54) 359
(49, 51) 247
(13, 13) 0
(52, 24) 295
(0, 14) 38
(38, 31) 388
(3, 11) 118
(65, 58) 338
(25, 58) 264
(28, 1) 184
(32, 68) 206
(53, 7) 264
(1, 33) 139
(57, 60) 221
(40, 4) 274
(21, 46) 124
(4, 42) 73
(8, 45) 386
(7, 15) 264
(65, 12) 124
(46, 30) 579
(29, 62) 113
(68, 15) 56
(33, 59) 260
(16, 29) 237
(54, 46) 332
(2, 64) 235
(58, 37) 183
(41, 43) 248
(22, 7) 300
(5, 53) 172
(61, 56) 367
(44, 16) 85
(9, 50) 234
(66, 37) 254
(47, 5) 100
(12, 41) 352
(34, 26) 169
(17, 50) 202
(37, 63) 439
(59, 14) 307
(24, 28) 557
(62, 9) 84
(45, 47) 158
(10, 19) 270
(49, 52) 165
(13, 6) 79
(0, 5) 87
(38, 22) 165
(31, 61) 172
(25, 3) 431
(45, 64) 462
(28, 24) 557
(50, 13) 158
(33, 67) 290
(53, 0) 85
(1, 58) 241
(40, 11) 414
(21, 55) 219
(4, 17) 247
(26, 34) 169
(7, 4) 182
(62, 8) 124
(46, 33) 151
(11, 65) 124
(33, 60) 132
(16, 20) 46
(54, 33) 188
(19, 1) 228
(17, 64) 396
(41, 44) 52
(22, 30) 373
(5, 62) 265
(61, 49) 198
(44, 15) 181
(9, 59) 407
(66, 60) 121
(47, 2) 167
(12, 32) 151
(34, 21) 107
(17, 43) 279
(37, 56) 492
(59, 7) 308
(42, 53) 161
(62, 48) 373
(45, 40) 35
(10, 26) 531
(49, 45) 131
(13, 63) 292
(0, 28) 233
(38, 9) 438
(25, 4) 408
(63, 19) 424
(28, 23) 78
(50, 4) 100
(33, 68) 104
(14, 38) 174
(53, 9) 266
(1, 51) 56
(58, 68) 218
(21, 48) 110
(4, 24) 401
(26, 45) 116
(67, 46) 427
(65, 30) 186
(46, 40) 180
(29, 48) 328
(33, 53) 187
(16, 11) 247
(54, 56) 476
(19, 6) 228
(58, 55) 156
(41, 21) 130
(22, 17) 251
(5, 39) 187
(44, 6) 193
(9, 60) 241
(66, 55) 293
(47, 11) 309
(30, 49) 507
(34, 44) 36
(17, 44) 48
(56, 1) 471
(37, 33) 101
(59, 28) 375
(42, 60) 108
(62, 59) 429
(29, 54) 110
(10, 5) 242
(49, 38) 132
(30, 64) 159
(13, 56) 532
(48, 30) 530
(40, 67) 427
(35, 23) 264
(0, 19) 213
(38, 0) 178
(29, 68) 193
(25, 13) 373
(63, 24) 637
(50, 63) 297
(14, 41) 127
(53, 18) 179
(1, 52) 191
(21, 57) 57
(4, 7) 182
(26, 52) 295
(65, 23) 91
(46, 51) 332
(29, 9) 94
(51, 36) 188
(16, 2) 75
(54, 51) 0
(19, 15) 266
(2, 45) 283
(58, 62) 369
(41, 30) 512
(22, 40) 243
(5, 32) 264
(61, 67) 191
(9, 37) 403
(66, 14) 130
(47, 16) 131
(30, 56) 614
(34, 39) 67
(17, 37) 75
(56, 8) 404
(37, 42) 250
(59, 21) 219
(42, 39) 327
(23, 11) 53
(6, 65) 133
(62, 34) 386
(45, 26) 116
(10, 12) 9
(67, 53) 193
(13, 49) 181
(35, 28) 318
(18, 60) 123
(55, 65) 400
(38, 59) 418
(60, 12) 218
(25, 22) 386
(63, 1) 243
(27, 64) 27
(50, 54) 126
(14, 48) 141
(53, 27) 212
(1, 13) 79
(21, 66) 171
(4, 14) 81
(26, 63) 637
(46, 58) 68
(29, 2) 162
(51, 45) 359
(54, 10) 152
(19, 20) 123
(2, 36) 86
(58, 57) 24
(41, 7) 352
(22, 35) 58
(5, 41) 120
(9, 46) 443
(66, 9) 157
(47, 25) 265
(30, 35) 424
(34, 62) 386
(17, 30) 555
(56, 15) 532
(55, 41) 338
(59, 42) 308
(42, 46) 297
(23, 0) 171
(6, 56) 471
(62, 37) 355
(45, 19) 267
(10, 55) 317
(67, 58) 369
(32, 8) 129
(13, 42) 155
(35, 5) 153
(18, 55) 261
(38, 50) 250
(60, 11) 212
(25, 31) 557
(63, 14) 317
(11, 28) 73
(50, 49) 161
(14, 59) 307
(1, 6) 0
(39, 17) 59
(26, 6) 395
(42, 64) 127
(46, 61) 242
(29, 27) 80
(51, 50) 126
(39, 26) 116
(54, 13) 122
(19, 29) 256
(2, 63) 321
(41, 8) 281
(22, 58) 307
(5, 18) 13
(27, 45) 464
(66, 0) 128
(47, 38) 88
(30, 42) 284
(34, 57) 117
(17, 23) 324
(56, 22) 576
(55, 38) 418
(20, 4) 169
(59, 35) 414
(42, 41) 250
(23, 25) 489
(6, 51) 56
(62, 44) 350
(45, 12) 455
(10, 62) 139
(67, 35) 275
(32, 15) 208
(13, 35) 63
(35, 10) 325
(18, 46) 161
(38, 53) 197
(60, 2) 139
(43, 58) 246
(63, 55) 495
(11, 21) 247
(50, 40) 256
(14, 2) 95
(18, 65) 248
(1, 31) 162
(39, 14) 208
(22, 66) 209
(26, 1) 395
(46, 68) 255
(29, 20) 263
(51, 59) 364
(15, 33) 151
(54, 4) 50
(19, 34) 160
(2, 54) 153
(22, 61) 219
(5, 27) 256
(62, 68) 208
(27, 34) 381
(66, 27) 124
(47, 47) 0
(30, 45) 618
(34, 48) 23
(17, 8) 304
(0, 64) 208
(56, 29) 404
(37, 64) 355
(20, 3) 183
(59, 56) 156
(42, 16) 176
(23, 22) 243
(6, 42) 77
(64, 45) 462
(45, 5) 220
(10, 57) 292
(49, 66) 233
(32, 6) 157
(31, 54) 107
(35, 51) 184
(18, 41) 110
(57, 2) 113
(38, 44) 132
(60, 25) 383
(43, 51) 44
(63, 60) 265
(11, 10) 16
(50, 35) 195
(14, 5) 49
(36, 18) 12
(1, 16) 164
(39, 7) 421
(43, 64) 120
(26, 8) 461
(48, 21) 110
(51, 0) 105
(15, 46) 299
(54, 31) 107
(19, 43) 225
(2, 49) 152
(22, 52) 106
(5, 4) 120
(9, 65) 88
(40, 46) 180
(47, 52) 90
(30, 20) 474
(52, 33) 182
(17, 1) 241
(56, 36) 408
(55, 52) 440
(20, 10) 293
(3, 50) 77
(59, 49) 286
(42, 27) 117
(23, 47) 262
(6, 45) 303
(64, 36) 287
(10, 32) 147
(67, 65) 31
(67, 17) 398
(32, 29) 120
(31, 63) 98
(35, 56) 559
(18, 32) 277
(57, 11) 276
(38, 39) 129
(3, 67) 139
(60, 16) 164
(43, 40) 319
(8, 22) 225
(63, 37) 439
(11, 3) 118
(68, 48) 169
(52, 68) 148
(14, 12) 229
(36, 25) 276
(55, 43) 322
(39, 60) 262
(61, 15) 176
(26, 19) 291
(48, 12) 352
(51, 9) 159
(15, 55) 396
(54, 22) 152
(19, 48) 172
(2, 8) 125
(24, 37) 205
(5, 13) 138
(27, 48) 370
(47, 61) 196
(30, 31) 167
(34, 66) 266
(56, 43) 432
(55, 13) 396
(20, 17) 83
(3, 59) 309
(59, 54) 364
(42, 2) 108
(23, 36) 213
(6, 36) 139
(64, 59) 420
(10, 43) 124
(67, 22) 232
(32, 20) 317
(31, 36) 281
(35, 33) 155
(18, 27) 269
(57, 12) 283
(40, 52) 157
(60, 47) 123
(43, 33) 168
(8, 29) 43
(7, 63) 191
(63, 34) 470
(28, 64) 72
(11, 56) 375
(68, 63) 292
(33, 11) 251
(14, 23) 176
(36, 0) 104
(39, 53) 289
(31, 66) 124
(61, 8) 72
(26, 26) 0
(48, 3) 246
(12, 25) 531
(51, 14) 129
(15, 60) 48
(56, 67) 517
(19, 57) 43
(2, 3) 103
(24, 44) 204
(65, 16) 275
(27, 9) 54
(10, 67) 139
(47, 58) 201
(30, 6) 316
(52, 55) 440
(56, 50) 375
(55, 10) 317
(20, 24) 240
(3, 32) 140
(42, 13) 155
(23, 61) 89
(6, 31) 162
(64, 50) 210
(28, 40) 443
(67, 31) 38
(32, 43) 126
(31, 45) 464
(35, 38) 109
(18, 18) 0
(57, 21) 57
(40, 59) 365
(21, 7) 254
(4, 65) 128
(60, 38) 198
(43, 38) 288
(8, 4) 105
(7, 52) 375
(63, 43) 207
(11, 49) 319
(39, 66) 328
(68, 38) 178
(33, 12) 258
(14, 30) 390
(53, 65) 178
(36, 15) 151
(50, 18) 82
(67, 67) 0
(39, 50) 256
(61, 1) 105
(44, 63) 434
(48, 58) 147
(12, 16) 254
(51, 23) 94
(15, 5) 138
(54, 68) 105
(19, 62) 346
(2, 26) 344
(24, 51) 449
(27, 14) 231
(60, 34) 214
(49, 29) 302
(30, 9) 147
(52, 62) 331
(0, 44) 150
(56, 57) 330
(55, 3) 309
(20, 39) 137
(3, 41) 237
(59, 68) 341
(23, 58) 267
(6, 22) 118
(64, 9) 74
(28, 39) 450
(47, 49) 83
(67, 4) 153
(32, 34) 385
(13, 64) 216
(56, 2) 354
(35, 47) 77
(18, 13) 145
(57, 30) 503
(40, 34) 80
(21, 0) 138
(60, 61) 130
(43, 31) 113
(8, 11) 71
(7, 45) 455
(65, 46) 397
(11, 54) 146
(68, 45) 254
(33, 5) 25
(16, 59) 219
(36, 54) 188
(59, 31) 401
(58, 7) 293
(39, 43) 327
(61, 26) 395
(44, 54) 247
(7, 66) 100
(48, 49) 26
(12, 15) 264
(51, 28) 134
(15, 2) 178
(37, 17) 75
(2, 21) 75
(48, 68) 169
(24, 58) 254
(27, 7) 107
(49, 22) 209
(52, 5) 186
(0, 35) 96
(55, 24) 380
(20, 46) 131
(3, 46) 289
(23, 51) 94
(6, 9) 212
(64, 0) 208
(28, 62) 84
(67, 13) 213
(32, 57) 354
(31, 19) 326
(53, 34) 253
(18, 4) 132
(57, 39) 179
(38, 67) 379
(21, 9) 328
(4, 55) 347
(60, 52) 160
(43, 20) 196
(8, 50) 104
(7, 42) 110
(65, 39) 413
(46, 3) 289
(11, 47) 309
(68, 20) 127
(33, 30) 446
(16, 50) 94
(36, 61) 130
(58, 14) 180
(39, 32) 438
(61, 19) 155
(44, 45) 131
(9, 21) 328
(48, 40) 72
(12, 6) 186
(16, 65) 275
(15, 11) 258
(37, 26) 205
(24, 1) 395
(62, 18) 278
(27, 28) 46
(49, 15) 181
(52, 12) 375
(0, 58) 218
(67, 64) 12
(55, 17) 288
(20, 53) 205
(3, 23) 67
(25, 38) 231
(6, 0) 50
(64, 7) 133
(28, 53) 246
(40, 65) 401
(32, 48) 371
(31, 24) 549
(14, 64) 232
(53, 43) 148
(57, 40) 197
(40, 16) 182
(21, 18) 44
(4, 62) 153
(60, 51) 83
(31, 7) 107
(8, 57) 237
(7, 35) 321
(65, 56) 493
(46, 10) 369
(11, 36) 251
(68, 19) 213
(33, 23) 213
(16, 41) 130
(36, 36) 0
(37, 20) 85
(58, 9) 380
(41, 55) 338
(61, 44) 198
(44, 36) 68
(9, 30) 147
(58, 30) 519
(48, 47) 91
(12, 61) 128
(34, 14) 154
(15, 16) 189
(37, 3) 237
(41, 64) 355
(24, 8) 461
(62, 21) 305
(27, 21) 293
(49, 0) 150
(13, 26) 368
(52, 11) 369
(0, 49) 150
(20, 60) 156
(3, 28) 135
(23, 65) 91
(64, 30) 159
(28, 12) 69
(32, 55) 434
(31, 1) 162
(53, 52) 141
(57, 49) 111
(40, 23) 372
(21, 27) 293
(4, 37) 202
(43, 2) 117
(8, 32) 129
(7, 24) 523
(65, 49) 322
(46, 13) 299
(29, 43) 83
(68, 26) 349
(33, 40) 163
(16, 32) 306
(36, 35) 155
(58, 16) 80
(41, 56) 492
(22, 10) 303
(61, 37) 226
(44, 35) 160
(9, 7) 99
(48, 38) 120
(12, 52) 375
(34, 9) 422
(15, 25) 373
(37, 12) 352
(24, 15) 368
(42, 23) 54
(45, 60) 280
(66, 67) 143
(49, 57) 111
(13, 19) 266
(52, 18) 184
(0, 8) 151
(20, 59) 260
(3, 5) 130
(25, 48) 187
(64, 21) 301
(28, 11) 73
(50, 24) 359
(31, 14) 231
(53, 61) 193
(1, 47) 147
(57, 58) 24
(40, 30) 584
(21, 36) 41
(4, 44) 199
(8, 39) 355
(7, 17) 367
(65, 10) 121
(46, 20) 131
(29, 36) 235
(68, 1) 50
(33, 33) 0
(16, 39) 174
(36, 42) 166
(58, 27) 353
(41, 33) 101
(22, 13) 44
(61, 62) 191
(26, 64) 552
(9, 8) 130
(66, 43) 32
(12, 51) 150
(34, 0) 185
(17, 56) 443
(37, 53) 200
(59, 8) 306
(24, 22) 382
(62, 7) 144
(45, 53) 297
(49, 50) 161
(13, 12) 264
(52, 25) 297
(0, 15) 56
(38, 28) 411
(3, 10) 128
(25, 57) 262
(28, 2) 220
(50, 19) 135
(66, 10) 106
(53, 6) 89
(1, 32) 157
(57, 67) 352
(40, 5) 186
(21, 45) 214
(4, 43) 62
(8, 46) 314
(7, 14) 229
(65, 3) 108
(46, 31) 413
(29, 61) 109
(68, 8) 151
(33, 58) 119
(16, 30) 459
(54, 47) 203
(2, 65) 209
(15, 31) 226
(41, 42) 250
(22, 4) 121
(5, 52) 186
(61, 55) 250
(44, 17) 48
(9, 49) 388
(66, 34) 266
(47, 4) 153
(12, 42) 110
(51, 65) 78
(34, 27) 381
(17, 49) 48
(37, 62) 355
(59, 1) 345
(24, 29) 503
(62, 14) 233
(45, 46) 198
(10, 16) 262
(49, 43) 233
(13, 5) 138
(0, 6) 50
(38, 23) 348
(25, 2) 353
(63, 21) 388
(28, 25) 565
(50, 10) 173
(33, 66) 166
(53, 15) 38
(1, 57) 219
(57, 68) 195
(40, 12) 420
(21, 54) 208
(4, 18) 132
(26, 35) 324
(7, 7) 0
(65, 4) 128
(46, 38) 253
(11, 64) 134
(33, 51) 188
(16, 21) 0
(52, 43) 256
(54, 38) 281
(19, 0) 213
(58, 45) 236
(41, 19) 203
(22, 31) 251
(5, 61) 107
(61, 48) 224
(44, 8) 260
(9, 58) 380
(66, 61) 49
(47, 13) 108
(12, 33) 258
(34, 18) 112
(17, 42) 277
(37, 39) 89
(59, 6) 345
(42, 50) 84
(62, 49) 350
(29, 55) 321
(10, 27) 102
(49, 44) 0
(13, 62) 213
(35, 17) 199
(0, 29) 193
(38, 14) 174
(25, 11) 524
(63, 18) 361
(28, 16) 294
(67, 66) 143
(50, 5) 70
(14, 39) 208
(53, 8) 191
(1, 50) 99
(21, 63) 388
(4, 25) 408
(26, 42) 434
(65, 29) 89
(46, 41) 177
(29, 15) 226
(33, 52) 182
(16, 12) 254
(54, 57) 259
(19, 9) 350
(58, 52) 290
(41, 20) 85
(22, 22) 0
(5, 38) 186
(44, 7) 326
(9, 35) 342
(66, 52) 276
(47, 10) 321
(30, 54) 261
(34, 45) 109
(17, 35) 199
(50, 65) 185
(37, 32) 353
(48, 53) 233
(42, 61) 61
(23, 13) 206
(62, 56) 517
(45, 32) 459
(10, 2) 187
(49, 37) 52
(30, 65) 186
(13, 55) 396
(35, 22) 58
(0, 20) 127
(38, 1) 227
(25, 12) 531
(63, 27) 98
(27, 65) 34
(50, 60) 116
(14, 46) 218
(53, 17) 264
(1, 11) 180
(21, 56) 369
(4, 0) 55
(26, 53) 404
(65, 22) 217
(46, 48) 133
(29, 8) 43
(12, 64) 133
(51, 39) 337
(16, 3) 167
(54, 48) 269
(19, 14) 176
(2, 42) 108
(58, 63) 450
(41, 29) 323
(22, 41) 181
(5, 47) 100
(61, 66) 49
(9, 36) 322
(66, 15) 169
(47, 19) 213
(30, 57) 503
(34, 36) 100
(17, 36) 111
(56, 9) 473
(37, 41) 0
(59, 20) 260
(42, 36) 166
(23, 10) 62
(62, 35) 275
(45, 25) 118
(10, 13) 267
(65, 5) 235
(67, 52) 331
(13, 48) 196
(35, 31) 289
(18, 61) 119
(55, 64) 420
(38, 56) 572
(60, 13) 48
(25, 21) 278
(63, 0) 292
(50, 55) 247
(14, 49) 118
(53, 26) 404
(1, 12) 186
(21, 65) 275
(4, 15) 82
(26, 60) 377
(46, 59) 194
(29, 1) 148
(51, 44) 247
(39, 27) 439
(54, 11) 146
(19, 23) 239
(2, 37) 187
(41, 6) 196
(22, 32) 226
(5, 40) 186
(9, 45) 509
(66, 6) 91
(47, 24) 260
(30, 32) 159
(34, 63) 470
(15, 67) 213
(56, 16) 369
(55, 40) 365
(59, 45) 388
(42, 47) 209
(23, 3) 67
(6, 57) 219
(62, 42) 132
(45, 18) 209
(10, 52) 380
(67, 61) 191
(32, 9) 92
(13, 41) 163
(35, 4) 140
(18, 52) 184
(38, 51) 281
(60, 4) 36
(25, 30) 717
(63, 9) 95
(11, 31) 108
(50, 46) 213
(14, 56) 447
(1, 5) 116
(39, 16) 174
(44, 67) 350
(26, 7) 523
(46, 66) 289
(29, 26) 503
(67, 42) 132
(51, 53) 115
(54, 2) 153
(19, 28) 315
(2, 60) 139
(41, 15) 163
(22, 59) 438
(5, 17) 136
(62, 66) 143
(27, 44) 346
(66, 1) 91
(47, 33) 92
(30, 43) 278
(34, 54) 283
(17, 22) 251
(56, 23) 403
(37, 65) 329
(20, 5) 53
(59, 34) 287
(24, 64) 552
(23, 24) 481
(6, 48) 215
(62, 45) 462
(45, 11) 448
(10, 63) 184
(67, 34) 386
(32, 0) 206
(13, 34) 215
(35, 13) 63
(18, 47) 95
(38, 42) 294
(60, 3) 95
(43, 61) 73
(63, 54) 188
(11, 20) 278
(50, 41) 190
(14, 3) 111
(36, 20) 28
(1, 30) 316
(39, 9) 482
(22, 67) 232
(26, 14) 321
(48, 31) 370
(29, 19) 256
(51, 58) 279
(15, 32) 208
(54, 5) 164
(19, 37) 203
(2, 55) 221
(22, 50) 202
(5, 26) 293
(27, 37) 357
(66, 24) 434
(47, 46) 212
(30, 18) 434
(65, 64) 27
(34, 49) 36
(17, 15) 227
(0, 65) 183
(56, 30) 614
(55, 62) 429
(20, 12) 285
(59, 59) 0
(42, 17) 277
(23, 17) 324
(6, 43) 66
(64, 46) 423
(45, 4) 309
(10, 38) 408
(49, 65) 322
(32, 7) 151
(31, 49) 346
(35, 50) 195
(18, 38) 179
(57, 1) 219
(38, 45) 113
(17, 29) 346
(29, 65) 89
(43, 50) 91
(8, 16) 198
(63, 63) 0
(11, 13) 258
(50, 32) 217
(14, 10) 236
(36, 19) 123
(1, 23) 128
(29, 64) 103
(39, 6) 282
(43, 67) 124
(26, 9) 590
(48, 22) 219
(51, 3) 56
(15, 41) 163
(54, 28) 134
(19, 42) 215
(2, 14) 95
(22, 53) 39
(5, 3) 130
(9, 64) 74
(66, 19) 204
(47, 55) 350
(30, 21) 459
(52, 34) 185
(17, 0) 197
(56, 37) 492
(55, 55) 0
(20, 11) 278
(3, 53) 150
(59, 48) 303
(42, 24) 434
(23, 46) 330
(6, 34) 229
(64, 37) 355
(10, 33) 266
(67, 16) 305
(32, 30) 159
(31, 62) 38
(35, 59) 414
(18, 33) 12
(57, 10) 292
(38, 36) 173
(3, 66) 27
(60, 17) 226
(43, 43) 0
(8, 23) 21
(63, 36) 373
(65, 60) 159
(11, 2) 172
(68, 49) 150
(14, 13) 90
(36, 26) 268
(39, 63) 524
(31, 67) 38
(61, 14) 112
(26, 16) 269
(48, 13) 196
(68, 64) 208
(51, 8) 81
(15, 54) 122
(54, 23) 94
(19, 51) 261
(2, 9) 254
(24, 38) 229
(5, 12) 235
(27, 51) 107
(47, 60) 123
(30, 28) 180
(34, 67) 386
(56, 44) 441
(55, 12) 308
(20, 18) 40
(3, 58) 232
(42, 3) 14
(23, 39) 375
(6, 37) 196
(64, 60) 184
(10, 40) 427
(67, 25) 560
(32, 21) 306
(31, 39) 439
(35, 32) 271
(18, 24) 280
(57, 19) 43
(40, 53) 266
(60, 40) 246
(43, 32) 126
(8, 30) 267
(7, 62) 144
(63, 45) 545
(28, 65) 75
(11, 59) 303
(68, 56) 477
(33, 10) 266
(14, 20) 91
(36, 1) 139
(31, 43) 113
(39, 52) 189
(61, 7) 128
(26, 27) 549
(48, 4) 221
(12, 26) 523
(51, 17) 294
(15, 63) 292
(56, 68) 477
(19, 56) 290
(2, 0) 123
(24, 45) 116
(27, 8) 101
(10, 64) 128
(49, 27) 346
(30, 7) 246
(52, 48) 162
(56, 51) 476
(55, 5) 262
(20, 25) 248
(3, 35) 198
(42, 10) 115
(23, 60) 160
(6, 28) 184
(64, 51) 104
(28, 41) 372
(67, 30) 157
(32, 44) 349
(31, 44) 346
(35, 41) 126
(18, 19) 125
(57, 20) 87
(40, 60) 246
(21, 6) 164
(4, 66) 88
(60, 39) 262
(43, 25) 444
(8, 5) 168
(7, 55) 308
(63, 42) 213
(11, 48) 345
(68, 39) 234
(33, 3) 155
(14, 31) 231
(53, 64) 198
(36, 8) 193
(39, 45) 47
(61, 0) 125
(44, 56) 441
(7, 68) 227
(48, 59) 303
(12, 17) 367
(51, 22) 152
(15, 4) 82
(19, 65) 316
(2, 27) 224
(48, 67) 373
(24, 52) 295
(66, 64) 136
(27, 1) 162
(49, 28) 356
(30, 14) 390
(52, 63) 408
(35, 65) 256
(0, 45) 254
(56, 58) 311
(55, 2) 221
(20, 32) 317
(3, 40) 308
(23, 53) 207
(6, 23) 128
(64, 10) 128
(28, 32) 92
(67, 7) 144
(32, 35) 271
(31, 21) 293
(35, 46) 289
(18, 10) 254
(57, 29) 272
(40, 35) 185
(21, 15) 189
(60, 62) 183
(43, 30) 278
(8, 12) 77
(7, 44) 326
(65, 45) 436
(11, 41) 345
(68, 46) 255
(33, 4) 143
(16, 60) 164
(36, 55) 260
(58, 4) 244
(39, 42) 327
(61, 25) 404
(44, 55) 286
(9, 19) 350
(48, 50) 187
(12, 8) 77
(25, 42) 442
(15, 13) 0
(37, 16) 130
(2, 18) 77
(24, 59) 380
(27, 6) 162
(49, 21) 85
(52, 6) 191
(0, 36) 104
(55, 27) 401
(20, 47) 91
(3, 17) 266
(23, 50) 123
(6, 14) 75
(64, 1) 159
(28, 63) 122
(67, 12) 144
(32, 58) 371
(31, 18) 269
(53, 33) 187
(18, 5) 13
(57, 38) 243
(38, 64) 381
(21, 8) 198
(4, 48) 221
(60, 53) 66
(43, 23) 62
(8, 51) 81
(7, 37) 352
(65, 38) 357
(46, 0) 255
(11, 46) 353
(68, 21) 138
(33, 29) 235
(16, 51) 208
(36, 62) 290
(37, 21) 130
(58, 15) 269
(39, 35) 211
(61, 18) 119
(44, 46) 130
(9, 20) 350
(48, 41) 44
(12, 7) 0
(16, 66) 171
(15, 10) 267
(37, 25) 210
(24, 2) 344
(62, 19) 346
(27, 31) 0
(49, 14) 118
(52, 13) 119
(39, 68) 234
(0, 59) 341
(55, 16) 219
(20, 54) 215
(3, 22) 182
(25, 37) 210
(6, 1) 0
(64, 24) 552
(28, 54) 134
(32, 49) 349
(31, 27) 0
(14, 65) 205
(53, 42) 161
(57, 47) 178
(40, 17) 77
(21, 17) 116
(4, 63) 237
(43, 12) 120
(8, 58) 252
(7, 34) 357
(63, 65) 113
(46, 11) 353
(11, 39) 414
(68, 28) 233
(33, 22) 188
(16, 42) 176
(36, 37) 101
(55, 33) 260
(41, 54) 252
(61, 43) 73
(44, 37) 52
(9, 29) 94
(48, 32) 371
(12, 62) 144
(34, 15) 215
(15, 19) 266
(37, 2) 187
(24, 9) 590
(42, 22) 194
(27, 20) 309
(49, 7) 326
(13, 25) 373
(52, 20) 181
(0, 50) 103
(20, 61) 157
(3, 31) 127
(23, 64) 109
(64, 31) 27
(28, 13) 256
(50, 30) 367
(31, 0) 211
(53, 51) 115
(57, 48) 129
(40, 24) 140
(21, 26) 269
(4, 38) 232
(43, 5) 143
(8, 33) 193
(7, 27) 107
(65, 48) 346
(46, 18) 161
(29, 42) 75
(68, 27) 211
(33, 47) 92
(16, 33) 41
(36, 44) 68
(58, 17) 134
(41, 63) 439
(22, 11) 295
(61, 36) 130
(44, 28) 356
(9, 6) 212
(48, 39) 70
(12, 53) 264
(34, 6) 229
(15, 24) 368
(37, 11) 345
(62, 26) 553
(24, 16) 269
(62, 29) 113
(45, 59) 388
(54, 64) 104
(49, 56) 441
(13, 18) 145
(52, 19) 303
(0, 9) 261
(38, 26) 229
(3, 4) 61
(27, 67) 38
(25, 55) 390
(64, 22) 237
(28, 4) 179
(50, 25) 367
(31, 9) 54
(53, 60) 66
(1, 46) 287
(57, 57) 0
(40, 31) 429
(21, 35) 196
(4, 45) 309
(8, 40) 351
(7, 16) 254
(65, 9) 88
(46, 21) 124
(29, 35) 284
(68, 2) 123
(33, 32) 289
(16, 24) 269
(36, 43) 168
(15, 28) 256
(41, 32) 353
(22, 2) 222
(61, 61) 0
(26, 65) 526
(9, 15) 279
(66, 40) 324
(12, 44) 326
(34, 1) 229
(17, 63) 482
(37, 52) 118
(59, 11) 303
(24, 23) 481
(62, 4) 153
(45, 52) 179
(10, 22) 303
(49, 49) 0
(13, 11) 258
(52, 26) 295
(0, 0) 0
(38, 29) 369
(3, 13) 143
(25, 56) 538
(8, 64) 117
(28, 3) 135
(47, 63) 388
(50, 16) 94
(53, 5) 172
(1, 39) 282
(57, 66) 213
(40, 6) 268
(21, 44) 85
(4, 20) 169
(8, 47) 241
(7, 9) 99
(65, 2) 209
(46, 28) 408
(29, 60) 180
(68, 9) 261
(33, 57) 95
(16, 31) 293
(52, 42) 265
(54, 44) 247
(58, 35) 272
(41, 41) 0
(22, 5) 178
(5, 51) 164
(61, 54) 115
(44, 18) 79
(9, 48) 413
(58, 34) 132
(47, 7) 315
(12, 43) 120
(51, 64) 104
(34, 24) 169
(17, 48) 32
(37, 61) 226
(59, 0) 341
(24, 30) 710
(5, 68) 87
(62, 15) 213
(45, 45) 0
(10, 17) 375
(49, 42) 233
(13, 4) 82
(0, 7) 227
(38, 20) 162
(25, 1) 402
(63, 20) 401
(28, 26) 557
(50, 11) 158
(33, 65) 260
(53, 14) 123
(1, 56) 471
(40, 13) 231
(21, 53) 223
(4, 19) 231
(26, 32) 551
(7, 6) 186
(65, 27) 34
(46, 39) 151
(11, 67) 145
(33, 50) 93
(16, 22) 227
(29, 66) 70
(54, 39) 337
(19, 3) 210
(58, 42) 237
(41, 18) 110
(22, 28) 285
(5, 60) 113
(44, 9) 388
(9, 57) 366
(66, 58) 229
(47, 12) 315
(12, 34) 357
(34, 19) 160
(17, 41) 75
(50, 64) 210
(37, 38) 80
(59, 25) 390
(42, 51) 59
(62, 54) 104
(45, 38) 113
(10, 24) 531
(49, 35) 160
(13, 61) 176
(35, 16) 196
(0, 30) 365
(38, 15) 167
(25, 10) 539
(63, 29) 175
(28, 17) 400
(50, 2) 27
(14, 36) 67
(53, 23) 207
(1, 49) 193
(58, 66) 229
(21, 62) 305
(4, 26) 401
(26, 43) 436
(65, 28) 75
(46, 46) 0
(29, 14) 198
(51, 33) 188
(16, 13) 189
(36, 64) 287
(19, 8) 226
(58, 53) 303
(41, 27) 357
(22, 23) 243
(5, 37) 120
(44, 0) 150
(9, 34) 422
(66, 53) 177
(47, 21) 131
(30, 55) 554
(34, 42) 266
(17, 34) 12
(56, 3) 422
(37, 47) 55
(59, 30) 554
(42, 58) 237
(23, 12) 58
(62, 57) 352
(45, 31) 464
(10, 3) 128
(49, 36) 68
(13, 54) 122
(35, 25) 328
(0, 21) 138
(38, 6) 227
(25, 19) 301
(63, 26) 637
(50, 61) 37
(14, 47) 86
(53, 16) 223
(1, 10) 190
(39, 29) 397
(4, 1) 6
(26, 50) 359
(65, 21) 275
(46, 49) 130
(29, 7) 40
(12, 65) 124
(51, 38) 281
(16, 4) 169
(39, 24) 116
(54, 49) 247
(19, 17) 163
(2, 43) 117
(58, 60) 244
(41, 28) 372
(22, 46) 333
(5, 46) 172
(61, 65) 161
(9, 43) 156
(66, 12) 100
(47, 18) 95
(30, 62) 157
(34, 37) 67
(17, 27) 392
(56, 10) 384
(37, 40) 72
(59, 23) 311
(42, 37) 250
(23, 5) 188
(62, 32) 8
(45, 24) 116
(10, 10) 0
(67, 55) 429
(13, 47) 108
(35, 30) 424
(18, 58) 124
(55, 67) 429
(38, 57) 243
(60, 14) 66
(25, 20) 248
(63, 3) 221
(11, 25) 524
(50, 52) 239
(14, 54) 129
(53, 25) 409
(1, 3) 64
(21, 64) 301
(4, 8) 105
(26, 61) 395
(46, 56) 347
(29, 0) 193
(67, 43) 124
(51, 47) 203
(54, 8) 81
(19, 22) 307
(2, 34) 180
(41, 5) 120
(22, 33) 188
(5, 23) 188
(55, 49) 286
(9, 44) 388
(66, 7) 100
(47, 27) 309
(30, 33) 446
(34, 60) 214
(15, 66) 169
(56, 17) 443
(37, 66) 254
(59, 44) 286
(42, 44) 233
(23, 2) 142
(6, 62) 159
(62, 43) 124
(45, 17) 104
(10, 53) 266
(67, 60) 183
(32, 10) 147
(13, 40) 231
(35, 7) 321
(18, 53) 179
(38, 48) 120
(60, 5) 113
(25, 29) 511
(64, 64) 0
(63, 8) 199
(11, 30) 251
(50, 47) 162
(14, 57) 157
(44, 66) 233
(18, 68) 96
(1, 4) 6
(39, 19) 221
(26, 4) 401
(60, 26) 377
(46, 67) 427
(29, 25) 511
(51, 52) 240
(54, 3) 56
(19, 31) 326
(2, 61) 53
(41, 14) 127
(22, 56) 576
(5, 16) 51
(62, 67) 0
(27, 47) 309
(66, 30) 290
(47, 32) 302
(30, 40) 584
(65, 65) 0
(34, 55) 287
(17, 21) 116
(56, 24) 528
(55, 32) 434
(20, 6) 164
(59, 37) 338
(24, 65) 526
(23, 27) 90
(6, 49) 193
(64, 40) 427
(45, 10) 462
(10, 60) 221
(67, 37) 355
(32, 1) 157
(13, 33) 151
(35, 12) 321
(18, 44) 79
(38, 43) 288
(15, 64) 216
(60, 28) 215
(43, 60) 98
(63, 49) 434
(11, 23) 53
(50, 38) 250
(14, 0) 38
(36, 21) 41
(1, 29) 148
(39, 8) 355
(22, 64) 237
(26, 15) 368
(48, 16) 110
(29, 18) 223
(51, 61) 115
(15, 35) 63
(54, 26) 449
(19, 36) 123
(2, 52) 250
(22, 51) 152
(5, 25) 301
(27, 36) 281
(66, 25) 442
(47, 41) 55
(30, 19) 492
(52, 36) 182
(17, 14) 166
(0, 66) 128
(56, 31) 483
(55, 57) 175
(20, 13) 169
(59, 58) 156
(42, 30) 284
(23, 16) 216
(6, 40) 268
(64, 47) 306
(45, 3) 343
(10, 39) 428
(49, 64) 349
(32, 24) 551
(31, 48) 370
(35, 53) 88
(18, 39) 174
(57, 0) 195
(38, 34) 141
(60, 27) 190
(43, 53) 148
(8, 17) 304
(63, 62) 84
(11, 12) 7
(50, 33) 93
(14, 11) 223
(36, 28) 289
(1, 22) 118
(39, 1) 282
(31, 64) 27
(43, 66) 32
(26, 22) 382
(48, 23) 306
(47, 65) 280
(51, 2) 153
(15, 40) 231
(54, 29) 110
(19, 45) 267
(2, 15) 178
(24, 32) 551
(5, 2) 68
(27, 61) 172
(66, 16) 171
(47, 54) 203
(30, 26) 710
(52, 35) 56
(17, 7) 367
(56, 38) 572
(55, 54) 364
(20, 20) 0
(3, 52) 252
(59, 51) 364
(42, 25) 442
(23, 41) 301
(6, 35) 136
(64, 38) 381
(10, 46) 369
(67, 19) 346
(32, 31) 46
(31, 57) 337
(35, 58) 272
(18, 30) 434
(57, 9) 366
(38, 37) 80
(60, 18) 123
(43, 42) 15
(8, 24) 461
(63, 39) 524
(11, 5) 228
(68, 50) 103
(14, 18) 58
(36, 27) 281
(50, 20) 120
(39, 62) 440
(66, 54) 76
(61, 13) 176
(26, 17) 157
(48, 14) 141
(12, 28) 69
(68, 65) 183
(51, 11) 146
(15, 49) 181
(54, 20) 215
(19, 50) 135
(2, 6) 124
(24, 39) 116
(5, 11) 228
(27, 50) 200
(27, 58) 353
(30, 29) 238
(34, 64) 384
(56, 45) 543
(55, 15) 396
(20, 19) 123
(3, 61) 59
(42, 0) 118
(23, 38) 348
(6, 26) 395
(64, 61) 185
(10, 41) 359
(67, 24) 553
(32, 22) 226
(31, 38) 388
(35, 35) 0
(18, 25) 288
(57, 18) 101
(40, 54) 324
(4, 68) 55
(60, 41) 175
(43, 35) 202
(8, 31) 101
(7, 57) 283
(63, 44) 434
(28, 66) 123
(11, 58) 287
(68, 57) 195
(33, 9) 322
(14, 21) 100
(36, 2) 86
(39, 55) 341
(61, 6) 105
(26, 24) 0
(48, 5) 118
(12, 27) 107
(51, 16) 208
(15, 62) 213
(19, 59) 138
(2, 1) 124
(48, 66) 259
(24, 46) 192
(27, 11) 108
(10, 65) 121
(49, 26) 204
(30, 4) 310
(52, 49) 165
(56, 52) 590
(55, 4) 347
(20, 26) 240
(3, 34) 255
(59, 65) 400
(42, 11) 104
(23, 63) 187
(6, 29) 148
(64, 52) 335
(28, 42) 123
(67, 1) 159
(32, 45) 459
(25, 64) 559
(35, 40) 185
(18, 16) 44
(57, 27) 337
(40, 61) 293
(21, 5) 51
(4, 67) 153
(60, 32) 180
(43, 24) 436
(8, 6) 109
(7, 54) 150
(65, 43) 94
(11, 51) 146
(68, 32) 206
(33, 2) 86
(14, 28) 246
(36, 9) 322
(39, 44) 95
(61, 31) 172
(44, 57) 111
(48, 60) 198
(12, 18) 247
(51, 25) 456
(15, 7) 264
(19, 64) 340
(2, 24) 344
(24, 53) 404
(27, 0) 211
(49, 19) 152
(30, 15) 363
(52, 56) 590
(35, 64) 279
(0, 46) 255
(56, 59) 156
(55, 29) 321
(20, 33) 28
(3, 43) 15
(23, 52) 318
(6, 20) 164
(64, 11) 134
(28, 33) 289
(67, 6) 159
(32, 36) 289
(31, 20) 309
(53, 39) 289
(18, 11) 240
(57, 28) 331
(40, 36) 163
(21, 14) 100
(60, 63) 265
(43, 17) 279
(8, 13) 187
(7, 47) 315
(65, 44) 322
(11, 40) 414
(68, 47) 98
(33, 27) 281
(16, 61) 128
(36, 48) 94
(37, 22) 181
(58, 5) 131
(39, 37) 89
(61, 24) 395
(44, 48) 26
(9, 18) 310
(48, 51) 269
(12, 9) 99
(51, 30) 261
(15, 12) 264
(37, 31) 357
(2, 19) 108
(24, 60) 377
(27, 25) 557
(49, 20) 42
(52, 7) 375
(0, 37) 148
(55, 26) 380
(20, 40) 140
(3, 16) 167
(25, 35) 328
(6, 15) 79
(64, 2) 235
(28, 56) 447
(67, 15) 213
(32, 59) 434
(31, 29) 80
(53, 32) 187
(18, 2) 77
(57, 37) 163
(38, 65) 357
(21, 23) 216
(4, 49) 199
(60, 54) 83
(43, 22) 181
(8, 52) 298
(7, 36) 258
(65, 37) 329
(46, 1) 287
(11, 33) 251
(68, 22) 99
(33, 28) 289
(16, 52) 221
(36, 63) 373
(58, 12) 293
(39, 34) 67
(61, 17) 239
(44, 47) 83
(9, 27) 54
(48, 42) 258
(12, 0) 227
(16, 67) 305
(15, 21) 189
(37, 24) 205
(20, 64) 315
(24, 3) 423
(62, 16) 305
(27, 30) 167
(49, 13) 181
(13, 31) 226
(52, 14) 157
(0, 60) 29
(55, 19) 138
(20, 55) 260
(3, 25) 431
(25, 36) 276
(6, 6) 0
(64, 25) 559
(28, 55) 375
(32, 50) 217
(31, 26) 549
(53, 41) 200
(57, 46) 77
(40, 18) 174
(21, 16) 0
(4, 56) 471
(43, 15) 144
(8, 59) 306
(7, 29) 40
(63, 64) 87
(46, 8) 314
(11, 38) 396
(68, 29) 193
(33, 21) 41
(16, 43) 181
(36, 38) 173
(58, 23) 267
(41, 53) 200
(61, 42) 61
(44, 38) 132
(9, 28) 35
(48, 33) 94
(31, 47) 309
(12, 63) 191
(58, 44) 131
(34, 12) 357
(15, 18) 145
(37, 1) 196
(24, 10) 531
(62, 27) 38
(27, 23) 90
(49, 6) 193
(13, 24) 368
(52, 21) 221
(0, 51) 105
(67, 40) 427
(20, 62) 317
(3, 30) 292
(23, 67) 118
(64, 16) 301
(28, 14) 246
(50, 31) 200
(31, 3) 127
(53, 50) 181
(57, 55) 175
(40, 25) 143
(21, 25) 278
(4, 39) 287
(43, 4) 62
(8, 34) 293
(7, 26) 523
(65, 55) 400
(46, 19) 104
(29, 41) 323
(68, 4) 55
(33, 46) 151
(16, 34) 107
(36, 45) 197
(17, 67) 398
(41, 62) 355
(22, 8) 225
(61, 35) 221
(44, 29) 302
(9, 5) 297
(66, 46) 289
(12, 54) 150
(34, 7) 357
(15, 27) 226
(37, 10) 359
(24, 17) 157
(62, 2) 240
(45, 58) 236
(66, 65) 112
(49, 63) 434
(13, 17) 227
(52, 28) 374
(0, 10) 232
(38, 27) 388
(3, 7) 123
(25, 54) 456
(64, 23) 109
(28, 5) 264
(32, 64) 20
(31, 8) 101
(53, 59) 425
(1, 45) 303
(57, 56) 330
(40, 0) 220
(21, 34) 107
(4, 46) 292
(8, 41) 281
(7, 19) 261
(65, 8) 95
(46, 26) 192
(29, 34) 335
(68, 3) 104
(33, 39) 163
(16, 25) 278
(52, 41) 118
(54, 42) 59
(2, 68) 123
(58, 25) 264
(41, 39) 89
(22, 3) 182
(61, 60) 130
(44, 20) 42
(9, 14) 276
(66, 41) 254
(12, 45) 455
(34, 30) 543
(17, 62) 398
(37, 51) 252
(59, 10) 317
(24, 24) 0
(62, 5) 265
(45, 51) 359
(10, 23) 62
(49, 48) 26
(45, 27) 464
(13, 10) 267
(52, 27) 345
(0, 1) 50
(38, 18) 179
(3, 12) 123
(25, 63) 644
(8, 65) 95
(45, 68) 254
(28, 28) 0
(50, 17) 202
(44, 64) 349
(1, 38) 227
(57, 65) 322
(40, 7) 420
(21, 43) 181
(4, 21) 169
(26, 38) 229
(7, 8) 77
(65, 1) 133
(46, 29) 349
(29, 59) 321
(68, 10) 232
(33, 56) 408
(16, 16) 0
(54, 45) 359
(58, 32) 371
(41, 40) 72
(22, 26) 382
(5, 50) 70
(61, 53) 193
(44, 19) 152
(9, 55) 407
(66, 32) 146
(47, 6) 147
(12, 36) 258
(25, 44) 211
(34, 25) 177
(17, 55) 288
(50, 67) 215
(37, 60) 175
(59, 3) 309
(24, 31) 549
(5, 67) 265
(62, 12) 144
(45, 44) 131
(10, 30) 238
(49, 41) 52
(13, 3) 143
(0, 24) 349
(27, 68) 211
(38, 21) 207
(25, 0) 355
(63, 23) 187
(28, 27) 46
(50, 8) 104
(33, 64) 287
(14, 34) 154
(53, 13) 38
(1, 63) 243
(40, 14) 198
(21, 52) 221
(4, 28) 179
(26, 33) 268
(7, 1) 186
(65, 26) 526
(46, 36) 151
(11, 66) 94
(33, 49) 68
(16, 23) 216
(54, 36) 188
(19, 2) 108
(58, 43) 246
(41, 17) 75
(22, 29) 261
(5, 59) 262
(44, 10) 333
(9, 56) 473
(66, 59) 293
(47, 15) 108
(12, 35) 321
(34, 16) 107
(17, 40) 77
(37, 37) 0
(59, 24) 380
(42, 48) 258
(62, 55) 429
(45, 37) 107
(10, 25) 539
(49, 34) 36
(13, 60) 48
(35, 19) 278
(0, 31) 211
(38, 12) 402
(25, 9) 598
(63, 28) 122
(28, 18) 277
(50, 3) 77
(14, 37) 127
(53, 22) 39
(1, 48) 215
(58, 67) 369
(21, 61) 128
(4, 27) 156
(26, 40) 140
(65, 19) 316
(46, 47) 212
(29, 13) 226
(51, 32) 102
(16, 14) 100
(39, 25) 121
(36, 65) 260
(19, 11) 255
(55, 63) 495
(41, 26) 205
(22, 20) 203
(5, 36) 25
(62, 50) 215
(44, 1) 193
(9, 33) 322
(66, 50) 78
(47, 20) 91
(30, 52) 478
(34, 43) 268
(17, 33) 111
(56, 4) 471
(37, 46) 177
(59, 17) 288
(42, 59) 308
(23, 15) 206
(62, 62) 0
(45, 30) 618
(10, 0) 232
(67, 49) 350
(13, 53) 38
(35, 24) 324
(0, 22) 99
(38, 7) 402
(25, 18) 288
(63, 5) 348
(50, 58) 155
(14, 44) 118
(53, 31) 212
(1, 9) 212
(39, 28) 450
(4, 2) 127
(26, 51) 449
(65, 20) 288
(46, 54) 332
(29, 6) 148
(12, 66) 100
(51, 41) 252
(16, 5) 51
(54, 54) 0
(19, 16) 82
(2, 40) 249
(58, 61) 181
(41, 3) 237
(22, 47) 129
(5, 45) 220
(61, 64) 185
(9, 42) 156
(66, 13) 169
(47, 29) 284
(30, 63) 73
(34, 34) 0
(15, 68) 56
(56, 11) 375
(37, 67) 355
(59, 22) 438
(42, 34) 266
(23, 4) 124
(6, 68) 50
(62, 33) 290
(45, 23) 406
(10, 11) 16
(67, 54) 104
(13, 46) 299
(35, 1) 136
(18, 59) 261
(55, 66) 293
(38, 62) 379
(60, 15) 48
(25, 27) 557
(63, 2) 321
(11, 24) 516
(50, 53) 181
(14, 55) 307
(53, 24) 404
(1, 2) 124
(39, 21) 174
(4, 9) 206
(26, 58) 254
(46, 57) 77
(29, 31) 80
(51, 46) 332
(54, 9) 159
(19, 25) 301
(2, 35) 209
(17, 68) 197
(41, 4) 202
(22, 38) 165
(5, 22) 178
(27, 41) 357
(40, 43) 319
(47, 26) 260
(30, 38) 530
(65, 66) 112
(34, 61) 229
(17, 19) 163
(56, 18) 407
(55, 42) 308
(59, 47) 350
(42, 45) 356
(23, 29) 22
(6, 63) 243
(62, 40) 427
(45, 16) 214
(10, 50) 173
(67, 63) 84
(32, 11) 152
(13, 39) 252
(35, 6) 136
(18, 50) 82
(38, 49) 132
(15, 65) 194
(60, 6) 32
(25, 28) 565
(42, 68) 118
(64, 65) 27
(63, 11) 195
(11, 17) 360
(50, 44) 161
(14, 62) 233
(1, 27) 162
(39, 18) 174
(26, 5) 293
(46, 64) 423
(29, 24) 503
(51, 55) 364
(15, 37) 163
(54, 0) 105
(19, 30) 492
(2, 58) 129
(41, 13) 163
(22, 57) 283
(5, 31) 256
(62, 64) 12
(27, 46) 413
(66, 31) 124
(47, 35) 77
(30, 41) 512
(34, 52) 185
(17, 20) 83
(56, 25) 538
(55, 35) 414
(20, 7) 285
(59, 36) 260
(24, 66) 434
(23, 26) 481
(6, 54) 56
(64, 41) 355
(29, 50) 144
(10, 61) 136
(67, 36) 290
(32, 2) 242
(13, 32) 208
(35, 15) 63
(18, 45) 209
(38, 40) 95
(60, 29) 180
(43, 63) 207
(63, 48) 457
(45, 39) 47
(11, 22) 295
(50, 39) 256
(14, 1) 75
(36, 22) 188
(1, 28) 184
(39, 11) 414
(22, 65) 217
(31, 65) 34
(26, 12) 523
(48, 17) 32
(29, 17) 346
(54, 58) 279
(51, 60) 83
(15, 34) 215
(54, 27) 107
(19, 39) 221
(2, 53) 204
(22, 48) 219
(5, 24) 293
(27, 39) 439
(66, 22) 209
(47, 40) 124
(30, 16) 459
(52, 37) 118
(17, 13) 227
(0, 67) 208
(56, 32) 524
(55, 56) 156
(20, 14) 91
(59, 61) 250
(42, 31) 117
(23, 19) 239
(6, 41) 196
(64, 32) 20
(45, 2) 283
(10, 36) 266
(67, 45) 462
(32, 25) 558
(31, 51) 107
(35, 52) 56
(18, 36) 12
(57, 7) 283
(38, 35) 109
(54, 65) 78
(60, 20) 156
(43, 52) 256
(8, 18) 181
(63, 57) 433
(11, 15) 258
(68, 52) 148
(14, 8) 156
(36, 29) 235
(1, 21) 164
(39, 0) 234
(26, 23) 481
(48, 8) 286
(47, 64) 306
(51, 5) 164
(15, 43) 144
(54, 18) 176
(19, 44) 152
(2, 12) 179
(24, 33) 268
(5, 1) 116
(27, 60) 190
(66, 17) 277
(27, 59) 401
(30, 27) 167
(52, 44) 165
(17, 6) 241
(56, 39) 496
(42, 65) 101
(20, 21) 46
(3, 55) 309
(59, 50) 247
(42, 6) 77
(23, 40) 372
(6, 32) 157
(64, 39) 440
(10, 47) 321
(67, 18) 278
(32, 16) 306
(31, 56) 483
(35, 61) 221
(18, 31) 269
(57, 8) 237
(40, 48) 72
(3, 68) 104
(60, 19) 236
(43, 45) 354
(8, 25) 469
(63, 38) 459
(28, 68) 233
(11, 4) 176
(68, 51) 105
(14, 19) 176
(36, 4) 143
(39, 57) 179
(61, 12) 128
(26, 30) 710
(48, 15) 196
(12, 29) 40
(68, 66) 128
(51, 10) 152
(15, 48) 196
(54, 21) 208
(19, 53) 298
(2, 7) 179
(48, 65) 346
(24, 40) 140
(5, 10) 242
(27, 53) 212
(47, 62) 305
(30, 2) 390
(66, 35) 223
(34, 65) 358
(56, 46) 347
(55, 14) 307
(20, 28) 317
(3, 60) 95
(42, 1) 77
(23, 33) 213
(6, 27) 162
(64, 62) 12
(28, 44) 356
(67, 27) 38
(32, 23) 124
(25, 65) 533
(35, 34) 189
(18, 22) 183
(57, 17) 120
(40, 55) 365
(60, 42) 108
(43, 34) 268
(8, 0) 151
(7, 56) 378
(63, 47) 388
(28, 67) 84
(11, 61) 121
(68, 58) 218
(33, 8) 193
(14, 26) 321
(36, 3) 155
(39, 54) 337
(61, 5) 107
(26, 25) 10
(48, 6) 215
(12, 20) 285
(51, 19) 261
(15, 57) 245
(19, 58) 37
(2, 30) 390
(24, 47) 260
(50, 22) 202
(27, 10) 102
(49, 25) 211
(30, 5) 421
(52, 50) 239
(0, 40) 220
(44, 26) 204
(55, 7) 308
(20, 27) 309
(3, 37) 237
(59, 64) 420
(42, 8) 33
(23, 62) 118
(6, 18) 127
(64, 53) 198
(28, 43) 125
(67, 0) 208
(32, 46) 429
(13, 68) 56
(35, 43) 202
(18, 17) 123
(57, 26) 253
(40, 62) 427
(21, 4) 169
(60, 33) 132
(43, 27) 113
(8, 7) 77
(7, 49) 326
(65, 42) 101
(11, 50) 158
(68, 33) 104
(33, 1) 139
(14, 29) 198
(36, 10) 266
(37, 23) 301
(39, 47) 144
(61, 30) 338
(44, 58) 131
(48, 61) 224
(12, 19) 261
(51, 24) 449
(15, 6) 79
(19, 67) 346
(2, 25) 353
(24, 54) 449
(27, 3) 127
(49, 18) 79
(30, 12) 246
(52, 57) 268
(35, 67) 275
(0, 47) 98
(56, 60) 491
(55, 28) 375
(20, 34) 72
(3, 42) 14
(23, 55) 311
(6, 21) 164
(64, 12) 133
(28, 34) 389
(67, 9) 84
(32, 37) 353
(31, 23) 90
(53, 38) 197
(18, 8) 181
(57, 35) 249
(40, 37) 72
(21, 13) 189
(60, 56) 491
(43, 16) 181
(8, 14) 156
(7, 46) 360
(65, 35) 256
(11, 43) 115
(68, 40) 220
(33, 26) 268
(16, 62) 305
(36, 49) 68
(58, 2) 129
(39, 36) 163
(61, 23) 89
(44, 49) 0
(9, 17) 433
(48, 52) 162
(12, 10) 9
(15, 15) 0
(37, 30) 512
(2, 16) 75
(24, 61) 395
(27, 24) 549
(49, 11) 319
(52, 0) 148
(0, 38) 178
(55, 21) 219
(20, 41) 85
(3, 19) 210
(60, 64) 184
(25, 34) 177
(6, 12) 186
(64, 3) 134
(28, 57) 331
(67, 14) 233
(32, 60) 180
(31, 28) 46
(53, 47) 145
(18, 3) 143
(57, 36) 95
(40, 44) 98
(21, 22) 227
(4, 50) 100
(60, 55) 360
(43, 9) 156
(8, 53) 191
(7, 39) 421
(65, 36) 260
(46, 6) 287
(11, 32) 152
(68, 23) 171
(33, 19) 123
(16, 53) 223
(36, 56) 408
(58, 13) 269
(41, 51) 252
(61, 16) 128
(44, 40) 98
(9, 26) 590
(48, 43) 258
(12, 1) 186
(54, 61) 115
(16, 68) 138
(15, 20) 169
(37, 7) 352
(20, 65) 288
(24, 4) 401
(62, 17) 398
(27, 17) 392
(49, 12) 326
(13, 30) 363
(52, 15) 119
(0, 61) 125
(55, 18) 261
(20, 48) 68
(3, 24) 423
(25, 43) 444
(6, 7) 186
(64, 26) 552
(28, 48) 381
(32, 51) 102
(31, 5) 256
(53, 40) 266
(57, 45) 224
(40, 19) 240
(21, 31) 293
(4, 57) 223
(43, 14) 121
(8, 60) 141
(7, 28) 69
(63, 67) 84
(46, 9) 443
(29, 47) 284
(68, 30) 365
(33, 20) 28
(16, 44) 85
(66, 4) 88
(36, 39) 163
(1, 67) 159
(58, 20) 110
(41, 52) 118
(66, 48) 259
(61, 41) 226
(44, 39) 95
(9, 3) 167
(48, 34) 23
(12, 56) 378
(34, 13) 215
(15, 29) 226
(37, 0) 148
(64, 58) 364
(24, 11) 516
(62, 24) 553
(27, 22) 251
(49, 5) 92
(13, 23) 206
(52, 22) 106
(0, 52) 148
(20, 63) 401
(3, 1) 64
(23, 66) 48
(64, 17) 396
(28, 15) 256
(50, 28) 200
(31, 2) 224
(53, 49) 219
(1, 43) 66
(57, 54) 259
(40, 26) 140
(21, 24) 269
(4, 32) 151
(43, 7) 120
(8, 35) 244
(7, 21) 254
(65, 54) 78
(46, 16) 124
(29, 40) 394
(68, 5) 87
(33, 45) 197
(16, 35) 196
(52, 40) 157
(36, 46) 151
(1, 68) 50
(58, 31) 353
(41, 61) 226
(22, 9) 305
(61, 34) 229
(26, 68) 349
(9, 4) 206
(66, 47) 215
(12, 55) 308
(34, 4) 235
(15, 26) 368
(37, 9) 403
(24, 18) 280
(62, 3) 139
(45, 57) 224
(49, 62) 350
(13, 16) 189
(52, 29) 339
(0, 11) 222
(38, 24) 229
(3, 6) 64
(25, 53) 409
(28, 6) 184
(32, 65) 34
(31, 11) 108
(53, 58) 303
(1, 44) 193
(57, 63) 433
(40, 1) 268
(21, 33) 41
(4, 47) 153
(8, 42) 33
(7, 18) 247
(65, 15) 194
(46, 27) 413
(29, 33) 235
(68, 12) 227
(33, 38) 173
(16, 26) 269
(54, 43) 44
(58, 38) 263
(41, 38) 80
(22, 0) 99
(61, 59) 250
(44, 21) 85
(9, 13) 279
(66, 38) 302
(12, 46) 360
(25, 45) 118
(34, 31) 381
(17, 61) 239
(50, 66) 78
(37, 50) 190
(59, 13) 396
(24, 25) 10
(62, 10) 139
(45, 50) 290
(10, 20) 293
(49, 55) 286
(13, 9) 279
(0, 2) 123
(38, 19) 283
(3, 15) 143
(40, 64) 427
(25, 62) 560
(8, 66) 27
(45, 67) 462
(28, 29) 59
(50, 14) 82
(53, 3) 150
(1, 37) 196
(57, 64) 347
(40, 8) 351
(21, 42) 176
(4, 22) 121
(26, 39) 116
(7, 11) 7
(65, 0) 183
(46, 34) 112
(29, 58) 286
(68, 11) 222
(33, 63) 373
(16, 17) 116
(54, 34) 283
(58, 33) 119
(41, 47) 55
(22, 27) 251
(5, 49) 92
(61, 52) 269
(44, 12) 326
(9, 54) 159
(66, 33) 166
(47, 1) 147
(12, 37) 352
(51, 66) 76
(34, 22) 240
(17, 54) 294
(37, 59) 338
(59, 2) 221
(42, 54) 59
(5, 66) 141
(62, 13) 213
(45, 43) 354
(10, 31) 102
(49, 40) 98
(13, 2) 178
(39, 67) 440
(0, 25) 355
(38, 10) 408
(25, 7) 531
(63, 22) 305
(28, 20) 317
(50, 9) 234
(14, 35) 114
(53, 12) 264
(1, 62) 159
(40, 15) 231
(21, 51) 208
(4, 29) 144
(26, 46) 192
(7, 0) 227
(65, 25) 533
(46, 37) 177
(29, 51) 110
(33, 48) 94
(16, 8) 198
(39, 30) 597
(54, 37) 252
(19, 5) 129
(58, 40) 211
(41, 16) 130
(22, 18) 183
(5, 58) 131
(44, 11) 319
(9, 63) 95
(66, 56) 400
(47, 14) 86
(30, 50) 367
(34, 17) 12
(17, 47) 123
(37, 36) 101
(59, 27) 401
(42, 49) 233
(62, 52) 331
(45, 36) 197
(10, 6) 190
(49, 33) 68
(13, 59) 396
(42, 67) 132
(35, 18) 154
(0, 16) 138
(38, 13) 167
(25, 8) 469
(63, 31) 98
(28, 19) 315
(50, 0) 103
(14, 42) 124
(53, 21) 223
(1, 55) 345
(58, 64) 364
(21, 60) 164
(4, 4) 0
(26, 41) 205
(65, 18) 248
(46, 44) 130
(29, 12) 40
(12, 68) 227
(51, 35) 184
(16, 15) 189
(36, 66) 166
(19, 10) 270
(2, 46) 189
(58, 51) 279
(41, 25) 210
(22, 21) 227
(5, 35) 153
(44, 2) 152
(9, 32) 92
(66, 51) 76
(47, 23) 262
(30, 53) 337
(34, 40) 80
(17, 32) 396
(56, 5) 406
(37, 45) 107
(59, 16) 219
(42, 56) 417
(23, 14) 176
(6, 66) 91
(62, 63) 84
(45, 29) 428
(10, 1) 190
(67, 48) 373
(30, 68) 365
(13, 52) 119
(35, 27) 289
(0, 23) 171
(55, 68) 341
(38, 4) 232
(25, 17) 165
(63, 4) 237
(50, 59) 247
(14, 45) 233
(53, 30) 337
(1, 8) 109
(39, 31) 439
(4, 3) 61
(26, 48) 180
(46, 55) 194
(29, 5) 210
(12, 67) 144
(51, 40) 324
(16, 6) 164
(54, 55) 364
(19, 19) 0
(2, 41) 187
(58, 58) 0
(41, 2) 187
(22, 44) 209
(5, 44) 92
(9, 41) 403
(40, 42) 321
(47, 28) 329
(30, 60) 338
(65, 67) 31
(34, 35) 189
(17, 25) 165
(56, 12) 378
(55, 44) 286
(59, 41) 338
(42, 35) 211
(23, 7) 58
(62, 38) 379
(45, 22) 271
(10, 8) 82
(67, 57) 352
(13, 45) 262
(44, 24) 204
(35, 0) 96
(18, 56) 407
(38, 63) 459
(60, 8) 141
(25, 26) 10
(63, 13) 292
(11, 27) 108
(50, 50) 0
(14, 52) 157
(1, 1) 0
(39, 20) 137
(4, 10) 185
(26, 59) 380
(44, 68) 150
(46, 62) 427
(29, 30) 238
(51, 49) 247
(54, 14) 129
(19, 24) 291
(2, 32) 242
(41, 11) 345
(22, 39) 268
(5, 21) 51
(27, 40) 429
(66, 5) 141
(47, 37) 55
(30, 39) 597
(34, 58) 132
(17, 18) 123
(56, 19) 290
(55, 37) 338
(59, 46) 194
(42, 42) 0
(23, 28) 78
(6, 60) 32
(62, 41) 355
(45, 15) 262
(10, 51) 152
(67, 62) 0
(32, 12) 151
(13, 38) 167
(35, 9) 342
(18, 51) 176
(38, 54) 281
(60, 7) 218
(43, 57) 228
(64, 66) 136
(63, 10) 184
(11, 16) 247
(50, 45) 290
(14, 63) 317
(18, 66) 154
(1, 26) 395
(39, 13) 252
(26, 2) 344
(46, 65) 397
(29, 23) 22
(51, 54) 0
(15, 36) 151
(54, 1) 56
(19, 33) 123
(2, 59) 221
(41, 12) 352
(22, 62) 232
(5, 30) 421
(62, 65) 31
(27, 33) 281
(66, 28) 123
(47, 34) 112
(30, 46) 579
(34, 53) 253
(17, 11) 360
(56, 26) 528
(55, 34) 287
(20, 0) 127
(59, 39) 341
(24, 67) 553
(23, 21) 216
(6, 55) 345
(64, 42) 127
(45, 8) 386
(10, 58) 302
(67, 39) 440
(32, 3) 140
(31, 53) 212
(35, 14) 114
(18, 42) 154
(38, 41) 80
(60, 30) 338
(43, 62) 124
(63, 51) 188
(11, 9) 104
(50, 36) 93
(14, 6) 75
(36, 23) 213
(1, 19) 228
(39, 10) 428
(26, 13) 368
(48, 18) 105
(29, 16) 237
(51, 63) 188
(15, 45) 262
(54, 24) 449
(19, 38) 283
(2, 50) 27
(22, 49) 209
(5, 7) 235
(27, 38) 388
(66, 23) 48
(27, 56) 483
(30, 17) 555
(52, 38) 66
(17, 12) 367
(0, 68) 0
(56, 33) 408
(55, 59) 0
(20, 15) 169
(3, 49) 221
(27, 66) 124
(42, 28) 123
(23, 18) 201
(6, 46) 287
(64, 33) 287
(45, 1) 303
(10, 37) 359
(67, 44) 350
(32, 26) 551
(31, 50) 200
(35, 55) 414
(18, 37) 110
(57, 6) 219
(38, 32) 375
(60, 21) 164
(43, 55) 322
(8, 19) 226
(63, 56) 568
(11, 14) 223
(52, 67) 331
(14, 9) 276
(36, 30) 446
(1, 20) 164
(39, 3) 315
(43, 68) 110
(26, 20) 240
(48, 9) 413
(47, 67) 305
(68, 68) 0
(51, 4) 50
(15, 42) 155
(54, 19) 261
(19, 47) 213
(2, 13) 178
(48, 64) 372
(24, 34) 169
(5, 0) 87
(27, 63) 98
(47, 48) 91
(30, 24) 710
(52, 45) 179
(17, 5) 136
(56, 40) 520
(55, 48) 303
(20, 22) 203
(3, 54) 56
(59, 53) 425
(42, 7) 110
(23, 43) 62
(6, 33) 139
(64, 56) 507
(10, 44) 333
(67, 21) 305
(32, 17) 396
(25, 66) 442
(35, 60) 104
(18, 28) 277
(57, 15) 245
(40, 49) 98
(60, 44) 179
(43, 44) 233
(8, 26) 461
(63, 33) 373
(11, 7) 7
(68, 60) 29
(14, 16) 100
(36, 5) 25
(39, 56) 496
(61, 11) 121
(26, 31) 549
(48, 0) 169
(12, 30) 246
(68, 67) 208
(51, 13) 122
(15, 51) 122
(56, 64) 507
(19, 52) 303
(2, 4) 127
(24, 41) 205
(5, 9) 297
(27, 52) 345
(10, 68) 232
(47, 57) 178
(30, 3) 292
(52, 52) 0
(56, 47) 500
(55, 9) 407
(20, 29) 263
(3, 63) 221
(42, 14) 124
(23, 32) 124
(6, 24) 395
(64, 63) 87
(28, 45) 478
(67, 26) 553
(32, 40) 425
(31, 32) 46
(35, 37) 126
(18, 23) 201
(57, 16) 57
(40, 56) 520
(60, 43) 98
(43, 37) 248
(8, 1) 109
(7, 59) 308
(63, 46) 509
(11, 60) 212
(68, 59) 341
(33, 15) 151
(14, 27) 231
(53, 68) 85
(36, 12) 258
(39, 49) 95
(61, 4) 105
(44, 60) 179
(48, 7) 352
(12, 21) 254
(51, 18) 176
(15, 56) 532
(48, 27) 370
(19, 61) 155
(2, 31) 224
(24, 48) 180
(27, 13) 226
(49, 24) 204
(30, 10) 238
(65, 68) 183
(52, 51) 240
(0, 41) 148
(56, 54) 476
(55, 6) 345
(20, 36) 28
(3, 36) 155
(59, 67) 429
(42, 9) 156
(23, 57) 253
(6, 19) 228
(64, 54) 104
(28, 36) 289
(67, 3) 139
(32, 47) 302
(13, 67) 213
(35, 42) 211
(18, 14) 58
(57, 25) 262
(40, 63) 511
(21, 3) 167
(45, 21) 214
(43, 26) 436
(8, 8) 0
(7, 48) 352
(65, 41) 329
(11, 53) 260
(68, 34) 185
(33, 0) 104
(16, 56) 369
(36, 11) 251
(39, 46) 151
(61, 29) 109
(44, 59) 286
(7, 65) 124
(48, 62) 373
(12, 12) 0
(51, 27) 107
(15, 1) 79
(19, 66) 204
(2, 22) 222
(24, 55) 380
(27, 2) 224
(49, 17) 48
(30, 13) 363
(52, 58) 290
(35, 66) 223
(0, 32) 206
(56, 61) 367
(55, 31) 401
(20, 35) 163
(3, 45) 343
(23, 54) 94
(6, 10) 190
(64, 13) 216
(28, 35) 318
(67, 8) 124
(32, 38) 375
(31, 22) 251
(53, 37) 200
(18, 9) 310
(57, 34) 117
(40, 38) 95
(21, 12) 254
(4, 52) 196
(60, 57) 221
(43, 19) 225
(8, 15) 187
(7, 41) 352
(65, 34) 358
(11, 42) 104
(58, 22) 307
(68, 41) 148
(33, 25) 276
(16, 63) 388
(36, 50) 93
(58, 3) 232
(39, 39) 0
(61, 22) 219
(44, 50) 161
(9, 16) 328
(44, 25) 211
(12, 11) 7
(54, 60) 83
(15, 14) 90
(37, 29) 323
(2, 17) 190
(65, 63) 113
(24, 62) 553
(27, 27) 0
(31, 42) 117
(49, 10) 333
(52, 1) 191
(0, 39) 234
(31, 33) 281
(55, 20) 260
(20, 42) 194
(3, 18) 143
(60, 65) 159
(25, 33) 276
(6, 13) 79
(64, 4) 153
(28, 58) 345
(32, 61) 194
(31, 31) 0
(53, 46) 336
(18, 0) 96
(57, 43) 228
(40, 45) 35
(21, 21) 0
(4, 51) 50
(60, 48) 198
(43, 8) 44
(8, 54) 81
(7, 38) 402
(65, 59) 400
(46, 7) 360
(11, 35) 315
(68, 16) 138
(33, 18) 12
(16, 54) 208
(36, 57) 95
(58, 10) 302
(41, 50) 190
(61, 47) 196
(44, 41) 52
(9, 25) 598
(48, 44) 26
(12, 2) 179
(15, 23) 206
(37, 6) 196
(20, 66) 194
(41, 67) 355
(24, 5) 293
(53, 4) 90
(62, 22) 232
(27, 16) 293
(49, 3) 221
(13, 29) 226
(52, 8) 298
(0, 62) 208
(20, 49) 42
(3, 27) 127
(23, 68) 171
(6, 4) 6
(64, 27) 27
(28, 49) 356
(32, 52) 326
(31, 4) 156
(14, 68) 38
(53, 55) 425
(57, 44) 111
(40, 20) 140
(21, 30) 459
(4, 58) 244
(43, 1) 66
(8, 61) 72
(7, 31) 107
(63, 66) 221
(46, 14) 218
(29, 46) 349
(68, 31) 211
(33, 43) 168
(16, 45) 214
(36, 32) 289
(1, 66) 91
(58, 21) 80
(41, 59) 338
(61, 40) 293
(44, 32) 349
(9, 2) 254
(37, 68) 148
(48, 35) 167
(12, 57) 283
(34, 10) 365
(17, 66) 277
(37, 15) 163
(41, 68) 148
(24, 12) 523
(62, 25) 560
(45, 63) 545
(66, 68) 128
(49, 4) 199
(13, 22) 44
(52, 23) 318
(0, 53) 85
(44, 27) 346
(20, 56) 412
(3, 0) 104
(25, 51) 456
(64, 18) 275
(28, 8) 96
(44, 30) 507
(50, 29) 144
(31, 13) 226
(53, 48) 233
(1, 42) 77
(57, 53) 280
(40, 27) 429
(21, 39) 174
(4, 33) 143
(43, 6) 66
(8, 36) 193
(7, 20) 285
(65, 53) 178
(46, 17) 108
(29, 39) 397
(68, 6) 50
(33, 44) 68
(16, 36) 41
(36, 47) 92
(58, 28) 345
(41, 60) 175
(22, 14) 131
(61, 33) 130
(44, 31) 346
(9, 11) 104
(66, 44) 233
(12, 48) 352
(25, 46) 202
(34, 5) 125
(17, 59) 288
(37, 8) 281
(24, 19) 291
(62, 0) 208
(45, 56) 543
(49, 61) 198
(13, 15) 0
(52, 30) 478
(0, 12) 227
(38, 25) 231
(3, 9) 167
(25, 52) 297
(28, 7) 69
(32, 66) 146
(31, 10) 102
(53, 57) 280
(1, 35) 136
(57, 62) 352
(40, 2) 249
(21, 32) 306
(4, 40) 274
(8, 43) 44
(7, 13) 264
(65, 14) 205
(46, 24) 192
(29, 32) 120
(68, 13) 56
(33, 37) 101
(16, 27) 293
(54, 40) 324
(2, 66) 100
(58, 39) 190
(41, 37) 0
(22, 1) 118
(5, 55) 262
(61, 58) 181
(44, 22) 209
(9, 12) 99
(51, 67) 104
(66, 39) 328
(12, 47) 315
(34, 28) 389
(17, 60) 226
(37, 49) 52
(59, 12) 308
(24, 26) 0
(62, 11) 145
(45, 49) 131
(10, 21) 262
(47, 45) 158
(49, 54) 247
(13, 8) 187
(39, 64) 440
(0, 3) 104
(38, 16) 207
(3, 14) 111
(25, 61) 404
(8, 67) 124
(45, 66) 359
(28, 30) 180
(50, 15) 158
(53, 2) 204
(1, 36) 139
(40, 9) 474
(21, 41) 130
(4, 23) 124
(50, 21) 94
(26, 36) 268
(7, 10) 9
(65, 7) 124
(46, 35) 289
(29, 57) 272
(33, 62) 290
(16, 18) 44
(54, 35) 184
(58, 46) 68
(41, 46) 177
(22, 24) 382
(5, 48) 118
(61, 51) 115
(44, 13) 181
(9, 53) 266
(66, 62) 143
(47, 0) 98
(12, 38) 402
(34, 23) 313
(17, 53) 264
(37, 58) 183
(59, 5) 262
(42, 55) 308
(5, 65) 235
(42, 18) 154
(45, 42) 356
(10, 28) 63
(49, 47) 83
(13, 1) 79
(0, 26) 349
(38, 11) 396
(62, 6) 159
(25, 6) 402
(64, 43) 120
(63, 17) 482
(28, 21) 294
(50, 6) 99
(14, 32) 231
(53, 11) 260
(1, 61) 105
(21, 50) 94
(4, 30) 310
(26, 47) 260
(7, 3) 123
(65, 24) 526
(46, 42) 297
(11, 68) 222
(33, 55) 260
(16, 9) 328
(36, 68) 104
(19, 4) 231
(58, 41) 183
(41, 23) 301
(22, 19) 307
(5, 57) 108
(44, 4) 199
(9, 62) 84
(66, 57) 213
(47, 9) 358
(30, 51) 261
(34, 46) 112
(17, 46) 108
(65, 62) 31
(37, 35) 126
(59, 26) 380
(42, 62) 132
(62, 53) 193
(45, 35) 213
(10, 7) 9
(49, 32) 349
(30, 66) 290
(13, 58) 269
(35, 21) 196
(0, 17) 197
(38, 2) 254
(59, 60) 360
(25, 15) 373
(63, 30) 73
(40, 68) 220
(50, 1) 99
(14, 43) 121
(53, 20) 205
(1, 54) 56
(58, 65) 338
(21, 59) 219
(4, 5) 120
(26, 54) 449
(65, 17) 369
(46, 45) 198
(29, 11) 38
(51, 34) 283
(16, 0) 138
(36, 67) 290
(19, 13) 266
(2, 47) 167
(58, 48) 147
(41, 24) 205
(22, 42) 194
(5, 34) 125
(44, 3) 221
(9, 39) 482
(40, 41) 72
(47, 22) 129
(30, 58) 519
(34, 41) 67
(17, 39) 59
(56, 6) 471
(37, 44) 52
(48, 26) 180
(59, 19) 138
(42, 57) 221
(23, 9) 113
(6, 67) 159
(62, 60) 183
(45, 28) 478
(10, 14) 236
(67, 51) 104
(13, 51) 122
(35, 26) 324
(18, 62) 278
(38, 5) 186
(25, 16) 278
(63, 7) 191
(66, 18) 154
(50, 56) 375
(14, 50) 82
(53, 29) 224
(1, 15) 79
(21, 68) 138
(4, 12) 182
(26, 49) 204
(56, 53) 556
(46, 52) 294
(29, 4) 144
(68, 53) 85
(51, 43) 44
(16, 7) 254
(54, 52) 240
(19, 18) 125
(2, 38) 254
(58, 59) 156
(41, 1) 196
(22, 45) 271
(5, 43) 143
(9, 40) 474
(66, 11) 94
(47, 31) 309
(30, 61) 338
(48, 25) 187
(34, 32) 385
(17, 24) 157
(56, 13) 532
(55, 47) 350
(59, 40) 365
(42, 32) 134
(23, 6) 128
(6, 58) 241
(62, 39) 440
(29, 52) 339
(10, 9) 91
(67, 56) 517
(54, 67) 104
(13, 44) 181
(35, 3) 198
(18, 57) 101
(38, 60) 198
(60, 9) 241
(25, 25) 0
(63, 12) 191
(11, 26) 516
(50, 51) 126
(14, 53) 123
(1, 0) 50
(39, 23) 375
(4, 11) 176
(26, 56) 528
(46, 63) 509
(29, 29) 0
(51, 48) 269
(54, 15) 122
(19, 27) 326
(2, 33) 86
(41, 10) 359
(22, 36) 188
(5, 20) 53
(27, 43) 113
(66, 2) 100
(47, 36) 92
(30, 36) 446
(34, 59) 287
(17, 17) 0
(56, 20) 412
(55, 36) 260
(59, 33) 260
(42, 43) 15
(23, 31) 90
(6, 61) 105
(62, 46) 427
(45, 14) 233
(10, 48) 359
(67, 33) 290
(32, 13) 208
(13, 37) 163
(35, 8) 244
(18, 48) 105
(38, 55) 418
(60, 0) 29
(43, 56) 432
(64, 67) 12
(63, 53) 267
(11, 19) 255
(50, 42) 84
(14, 60) 66
(18, 67) 278
(1, 25) 402
(39, 12) 421
(26, 3) 423
(48, 28) 381
(29, 22) 261
(51, 57) 259
(15, 39) 252
(54, 6) 56
(19, 32) 349
(2, 56) 354
(22, 63) 305
(5, 29) 210
(27, 32) 46
(66, 29) 70
(27, 57) 337
(30, 47) 461
(34, 50) 192
(17, 10) 375
(56, 27) 483
(55, 61) 250
(20, 1) 164
(59, 38) 418
(24, 68) 349
(23, 20) 241
(6, 52) 191
(31, 40) 429
(45, 7) 455
(10, 59) 317
(67, 38) 379
(32, 4) 151
(31, 52) 345
(35, 49) 160
(18, 43) 156
(38, 46) 253
(60, 31) 190
(43, 49) 233
(63, 50) 297
(11, 8) 71
(50, 37) 190
(14, 7) 229
(36, 16) 41
(1, 18) 127
(39, 5) 187
(26, 10) 531
(48, 19) 172
(51, 62) 104
(15, 44) 181
(54, 25) 456
(19, 41) 203
(2, 51) 153
(22, 54) 152
(5, 6) 116
(9, 67) 84
(66, 20) 194
(47, 42) 209
(30, 22) 373
(52, 39) 189
(17, 3) 266
(56, 34) 443
(55, 58) 156
(20, 8) 221
(3, 48) 246
(59, 63) 495
(42, 29) 75
(23, 45) 406
(6, 47) 147
(64, 34) 384
(45, 0) 254
(10, 34) 365
(67, 47) 305
(32, 27) 46
(25, 67) 560
(35, 54) 184
(18, 34) 112
(57, 5) 108
(38, 33) 173
(3, 65) 108
(60, 22) 89
(43, 54) 44
(8, 20) 221
(63, 59) 495
(11, 1) 180
(68, 54) 105
(14, 14) 0
(36, 31) 281
(39, 2) 246
(26, 21) 269
(48, 10) 359
(40, 66) 324
(58, 24) 254
(51, 7) 150
(15, 53) 38
(54, 16) 208
(19, 46) 104
(2, 10) 187
(24, 35) 324
(5, 15) 138
(9, 68) 261
(47, 51) 203
(30, 25) 717
(34, 68) 185
(17, 4) 247
(56, 41) 492
(55, 51) 364
(20, 23) 241
(3, 57) 214
(59, 52) 440
(42, 4) 73
(23, 42) 54
(6, 38) 227
(64, 57) 347
(10, 45) 462
(67, 20) 317
(32, 18) 277
(31, 58) 353
(35, 63) 353
(18, 29) 223
(57, 14) 157
(40, 50) 256
(60, 45) 280
(43, 47) 204
(8, 27) 101
(7, 61) 128
(63, 32) 86
(11, 6) 180
(68, 61) 125
(14, 17) 166
(36, 6) 139
(39, 59) 341
(61, 10) 136
(26, 28) 557
(48, 1) 215
(12, 31) 107
(51, 12) 150
(15, 50) 158
(56, 65) 493
(19, 55) 138
(2, 5) 68
(24, 42) 434
(5, 8) 168
(27, 55) 401
(47, 56) 500
(30, 0) 365
(52, 53) 141
(56, 48) 458
(55, 8) 306
(20, 30) 474
(3, 62) 139
(42, 15) 155
(23, 35) 264
(6, 25) 402
(64, 48) 372
(28, 46) 408
(67, 29) 113
(32, 41) 353
(31, 35) 289
(43, 13) 144
(35, 36) 155
(18, 20) 40
(57, 23) 253
(40, 57) 197
(60, 36) 132
(43, 36) 168
(8, 2) 125
(7, 58) 293
(63, 41) 439
(11, 63) 195
(68, 36) 104
(33, 14) 67
(14, 24) 321
(53, 67) 193
(36, 13) 151
(39, 48) 70
(61, 3) 59
(44, 61) 198
(48, 56) 458
(12, 22) 300
(51, 21) 208
(15, 59) 396
(19, 60) 236
(2, 28) 220
(24, 49) 204
(27, 12) 107
(49, 31) 346
(30, 11) 251
(52, 60) 160
(49, 9) 388
(0, 42) 118
(56, 55) 156
(55, 1) 345
(20, 37) 85
(3, 39) 315
(59, 66) 293
(23, 56) 403
(6, 16) 164
(64, 55) 420
(28, 37) 372
(67, 2) 240
(32, 32) 0
(13, 66) 169
(35, 45) 213
(18, 15) 145
(57, 24) 253
(40, 32) 425
(21, 2) 75
(60, 35) 104
(43, 29) 83
(8, 9) 130
(7, 51) 150
(65, 40) 401
(11, 52) 369
(68, 35) 96
(33, 7) 258
(16, 57) 57
(36, 52) 182
(39, 41) 89
(61, 28) 167
(44, 52) 165
(7, 64) 133
(47, 66) 215
(48, 63) 457
(12, 13) 264
(54, 63) 188
(51, 26) 449
(15, 0) 56
(37, 19) 203
(2, 23) 142
(24, 56) 528
(27, 5) 256
(49, 16) 85
(58, 50) 155
(52, 59) 440
(0, 33) 104
(56, 62) 517
(55, 30) 554
(20, 44) 42
(3, 44) 221
(23, 49) 280
(6, 11) 180
(64, 14) 232
(28, 60) 215
(67, 11) 145
(32, 39) 438
(31, 17) 392
(53, 36) 187
(18, 6) 127
(31, 41) 357
(57, 33) 95
(40, 39) 35
(21, 11) 247
(4, 53) 90
(60, 58) 244
(43, 18) 156
(8, 48) 286
(7, 40) 420
(65, 33) 260
(11, 45) 448
(68, 42) 118
(33, 24) 268
(16, 48) 110
(36, 51) 188
(58, 0) 218
(39, 38) 129
(61, 21) 128
(44, 51) 247
(9, 23) 113
(48, 54) 269
(12, 4) 182
(15, 9) 279
(37, 28) 372
(20, 68) 127
(24, 63) 637
(27, 26) 549
(27, 62) 38
(52, 2) 250
(0, 56) 477
(55, 23) 311
(20, 43) 196
(3, 21) 167
(60, 66) 121
(25, 32) 558
(6, 2) 124
(64, 5) 262
(28, 59) 375
(32, 62) 8
(31, 30) 167
(14, 66) 130
(53, 45) 297
(18, 1) 127
(57, 42) 221
(38, 68) 178
(21, 20) 46
(4, 60) 36
(60, 49) 179
(43, 11) 115
(8, 55) 306
(7, 33) 258
(63, 68) 292
(46, 4) 292
(11, 34) 350
(68, 17) 197
(33, 17) 111
(16, 55) 219
(52, 46) 294
(36, 58) 119
(58, 11) 287
(41, 49) 52
(61, 46) 242
(44, 42) 233
(9, 24) 590
(48, 45) 105
(12, 3) 123
(15, 22) 44
(37, 5) 120
(20, 67) 317
(41, 66) 254
(24, 6) 395
(62, 23) 118
(27, 19) 326
(49, 2) 152
(13, 28) 256
(52, 9) 398
(0, 63) 292
(20, 50) 120
(3, 26) 423
(25, 41) 210
(6, 5) 116
(64, 28) 72
(28, 50) 200
(32, 53) 187
(25, 68) 355
(52, 65) 312
(53, 54) 115
(57, 51) 259
(40, 21) 182
(21, 29) 237
(4, 59) 347
(67, 41) 355
(43, 0) 110
(8, 62) 124
(7, 30) 246
(65, 51) 78
(46, 15) 299
(29, 45) 428
(68, 24) 349
(33, 42) 166
(16, 46) 124
(36, 33) 0
(1, 65) 133
(58, 18) 124
(41, 58) 183
(61, 39) 293
(44, 33) 68
(9, 1) 212
(48, 36) 94
(12, 58) 293
(25, 47) 265
(34, 11) 350
(17, 65) 369
(65, 61) 161
(50, 68) 103
(37, 14) 127
(24, 13) 368
(62, 30) 157
(45, 62) 462
(49, 59) 286
(13, 21) 189
(52, 16) 221
(0, 54) 105
(20, 57) 87
(3, 3) 0
(29, 67) 113
(25, 50) 367
(64, 19) 340
(28, 9) 35
(50, 26) 359
(31, 12) 107
(53, 63) 267
(1, 41) 196
(57, 52) 268
(40, 28) 443
(21, 38) 207
(4, 34) 235
(8, 37) 281
(7, 23) 58
(65, 52) 312
(46, 22) 333
(29, 38) 369
(68, 7) 227
(33, 35) 155
(16, 37) 130
(36, 40) 163
(37, 18) 110
(58, 29) 286
(41, 35) 126
(22, 15) 44
(61, 32) 194
(26, 66) 434
(9, 10) 91
(66, 45) 359
(12, 49) 326
(34, 2) 180
(17, 58) 134
(37, 55) 338
(24, 20) 240
(62, 1) 159
(45, 55) 388
(49, 60) 179
(13, 14) 90
(52, 31) 345
(39, 65) 413
(0, 13) 56
(38, 30) 530
(3, 8) 47
(25, 59) 390
(28, 0) 233
(32, 67) 8
(53, 56) 556
(1, 34) 229
(57, 61) 165
(40, 3) 308
(21, 47) 131
(4, 41) 202
(8, 44) 260
(7, 12) 0
(65, 13) 194
(46, 25) 202
(29, 63) 175
(68, 14) 38
(33, 36) 0
(16, 28) 294
(54, 41) 252
(2, 67) 240
(58, 36) 119
(41, 36) 101
(22, 6) 118
(5, 54) 164
(61, 57) 165
(44, 23) 280
(9, 51) 159
(45, 33) 197
(66, 36) 166
(12, 40) 420
(34, 29) 335
(17, 51) 294
(37, 48) 44
(59, 15) 396
(24, 27) 549
(42, 21) 176
(45, 48) 105
(10, 18) 254
(49, 53) 219
(13, 7) 264
(0, 4) 55
(38, 17) 146
(31, 46) 413
(25, 60) 383
(8, 68) 151
(45, 65) 436
(28, 31) 46
(52, 66) 276
(50, 12) 165
(53, 1) 89
(1, 59) 345
(40, 10) 427
(21, 40) 182
(4, 16) 169
(26, 37) 205
(7, 5) 235
(65, 6) 133
(46, 32) 429
(29, 56) 404
(33, 61) 130
(16, 19) 82
(54, 32) 102
(58, 47) 201
(41, 45) 107
(22, 25) 386
(5, 63) 348
(61, 50) 37
(44, 14) 118
(9, 52) 398
(66, 63) 221
(47, 3) 195
(12, 39) 421
(51, 68) 105
(34, 20) 72
(17, 52) 193
(37, 57) 163
(59, 4) 347
(42, 52) 265
(5, 64) 262
(62, 51) 104
(45, 41) 107
(10, 29) 42
(49, 46) 130
(13, 0) 56
(0, 27) 211
(38, 8) 327
(25, 5) 301
(51, 31) 107
(63, 16) 388
(28, 22) 285
(50, 7) 165
(14, 33) 67
(53, 10) 266
(1, 60) 32
(21, 49) 85
(4, 31) 156
(26, 44) 204
(7, 2) 179
(65, 31) 34
(46, 43) 303
(29, 49) 302
(33, 54) 188
(16, 10) 262
(54, 59) 364
(19, 7) 261
(58, 54) 279
(41, 22) 181
(22, 16) 227
(5, 56) 406
(44, 5) 92
(9, 61) 201
(40, 40) 0
(47, 8) 241
(30, 48) 530
(34, 47) 112
(17, 45) 104
(56, 0) 477
(37, 34) 67
(59, 29) 321
(42, 63) 213
(62, 58) 369
(45, 34) 109
(10, 4) 185
(49, 39) 95
(30, 67) 157
(13, 57) 245
(35, 20) 163
(0, 18) 96
(38, 3) 281
(17, 26) 157
(25, 14) 328
(63, 25) 644
(50, 62) 215
(14, 40) 198
(53, 19) 298
(1, 53) 89
(55, 45) 388
(21, 58) 80
(4, 6) 6
(62, 28) 84
(26, 55) 380
(42, 66) 17
(46, 50) 213
(29, 10) 42
(51, 37) 252
(16, 1) 164
(54, 50) 126
(19, 12) 261
(2, 44) 152
(58, 49) 131
(41, 31) 357
(22, 43) 181
(5, 33) 25
(61, 68) 125
(9, 38) 438
(44, 65) 322
(66, 49) 233
(47, 17) 123
(30, 59) 554
(34, 38) 141
(17, 38) 146
(56, 7) 378
(37, 43) 248
(59, 18) 261
(42, 38) 294
(23, 8) 21
(6, 64) 159
(62, 61) 191
(29, 53) 224
(10, 15) 267
(67, 50) 215
(54, 66) 76
(13, 50) 158
(35, 29) 284
(18, 63) 361
(38, 58) 263
(52, 64) 335
(25, 23) 489
(63, 6) 243
(50, 57) 137
(14, 51) 129
(53, 28) 246
(1, 14) 75
(21, 67) 305
(4, 13) 82
(31, 68) 211
(26, 62) 553
(46, 53) 336
(29, 3) 89
(51, 42) 59
(54, 53) 115
(19, 21) 82
(2, 39) 246
(58, 56) 311
(41, 0) 148
(22, 34) 240
(5, 42) 141
(9, 47) 358
(66, 8) 27
(47, 30) 461
(30, 34) 543
(34, 33) 100
(17, 31) 392
(56, 14) 447
(55, 46) 194
(59, 43) 322
(42, 33) 166
(23, 1) 128
(6, 59) 345
(62, 36) 290
(45, 20) 173
(10, 54) 152
(67, 59) 429
(13, 43) 144
(35, 2) 209
(18, 54) 176
(38, 61) 284
(60, 10) 221
(25, 24) 10
(63, 15) 292
(11, 29) 38
(50, 48) 187
(14, 58) 180
(1, 7) 186
(39, 22) 268
(26, 57) 253
(46, 60) 283
(29, 28) 59
(51, 51) 0
(54, 12) 150
(19, 26) 291
(2, 62) 240
(41, 9) 403
(22, 37) 181
(5, 19) 129
(27, 42) 117
(66, 3) 27
(47, 39) 144
(30, 37) 512
(34, 56) 443
(17, 16) 116
(56, 21) 369
(55, 39) 341
(59, 32) 434
(42, 40) 321
(23, 30) 253
(6, 50) 99
(62, 47) 305
(45, 13) 262
(10, 49) 333
(47, 43) 204
(67, 32) 8
(32, 14) 231
(13, 36) 151
(35, 11) 315
(18, 49) 79
(38, 52) 66
(60, 1) 32
(43, 59) 322
(64, 68) 208
(63, 52) 408
(11, 18) 240
(50, 43) 91
(14, 61) 112
(18, 64) 275
(1, 24) 395
(39, 15) 252
(26, 0) 349
(48, 29) 328
(29, 21) 237
(51, 56) 476
(15, 38) 167
(54, 7) 150
(19, 35) 278
(2, 57) 113
(22, 60) 89
(5, 28) 264
(27, 35) 289
(66, 26) 434
(47, 44) 83
(30, 44) 507
(34, 51) 283
(17, 9) 433
(56, 28) 447
(55, 60) 360
(20, 2) 110
(59, 57) 175
(42, 19) 215
(23, 23) 0
(6, 53) 89
(64, 44) 349
(45, 6) 303
(10, 56) 384
(49, 67) 350
(32, 5) 264
(31, 55) 401
(35, 48) 167
(18, 40) 174
(57, 3) 214
(38, 47) 88
(60, 24) 377
(43, 48) 258
(63, 61) 269
(11, 11) 0
(50, 34) 192
(14, 4) 81
(36, 17) 111
(1, 17) 241
(39, 4) 287
(22, 68) 99
(43, 65) 94
(26, 11) 516
(48, 20) 68
(47, 68) 98
(51, 1) 56
(15, 47) 108
(54, 30) 261
(19, 40) 240
(2, 48) 178
(22, 55) 438
(5, 5) 0
(9, 66) 157
(66, 21) 171
(47, 53) 145
(30, 23) 253
(52, 32) 326
(17, 2) 190
(56, 35) 559
(55, 53) 425
(20, 9) 350
(3, 51) 56
(59, 62) 429
(42, 26) 434
(23, 44) 280
(6, 44) 193
(64, 35) 279
(10, 35) 325
(49, 68) 150
(32, 28) 92
(31, 60) 190
(35, 57) 249
(18, 35) 154
(57, 4) 223
(38, 38) 0
(3, 64) 134
(60, 23) 160
(43, 41) 248
(8, 21) 198
(63, 58) 450
(11, 0) 222
(68, 55) 341
(14, 15) 90
(36, 24) 268
(39, 61) 293
(26, 18) 280
(48, 11) 345
(51, 6) 56
(15, 52) 119
(54, 17) 294
(19, 49) 152
(2, 11) 172
(24, 36) 268
(5, 14) 49
(67, 68) 208
(27, 49) 346
(47, 50) 162
(30, 30) 0
(52, 47) 90
(56, 42) 417
(55, 50) 247
(20, 16) 46
(3, 56) 422
(59, 55) 0
(42, 5) 141
(23, 37) 301
(6, 39) 282
(50, 23) 123
(10, 42) 115
(67, 23) 118
(32, 19) 349
(31, 37) 357
(35, 62) 275
(18, 26) 280
(57, 13) 245
(40, 51) 324
(60, 46) 283
(43, 46) 303
(8, 28) 96
(7, 60) 218
(63, 35) 353
(11, 57) 276
(68, 62) 208
(14, 22) 131
(36, 7) 258
(39, 58) 190
(61, 9) 201
(26, 29) 503
(48, 2) 178
(12, 24) 523
(51, 15) 122
(15, 61) 176
(56, 66) 400
(19, 54) 261
(2, 2) 0
(24, 43) 436
(48, 24) 180
(27, 54) 107
(10, 66) 106
(47, 59) 350
(30, 1) 316
(52, 54) 240
(56, 49) 441
(55, 11) 303
(20, 31) 309
(3, 33) 155
(42, 12) 110
(23, 34) 313
(6, 30) 316
(64, 49) 349
(28, 47) 329
(67, 28) 84
(32, 42) 134
(31, 34) 381
(35, 39) 211
(18, 21) 44
(57, 22) 283
(40, 58) 211
(4, 64) 153
(60, 37) 175
(43, 39) 327
(8, 3) 47
(7, 53) 264
(63, 40) 511
(11, 62) 145
(68, 37) 148
(33, 13) 151
(14, 25) 328
(53, 66) 177
(36, 14) 67
(39, 51) 337
(61, 2) 53
(44, 62) 350
(48, 57) 129
(12, 23) 58
(54, 62) 104
(51, 20) 215
(15, 58) 269
(19, 63) 424
(2, 29) 162
(24, 50) 359
(27, 15) 226
(49, 30) 507
(30, 8) 267
(52, 61) 269
(0, 43) 110
(56, 56) 0
(55, 0) 341
(20, 38) 162
(3, 38) 281
(23, 59) 311
(6, 17) 241
(64, 8) 117
(28, 38) 411
(67, 5) 265
(32, 33) 289
(13, 65) 194
(35, 44) 160
(18, 12) 247
(57, 31) 337
(40, 33) 163
(21, 1) 164
(60, 60) 0
(43, 28) 125
(8, 10) 82
(7, 50) 165
(65, 47) 280
(11, 55) 303
(68, 44) 150
(33, 6) 139
(16, 58) 80
(36, 53) 187
(58, 6) 241
(39, 40) 35
(61, 27) 172
(44, 53) 219
(7, 67) 144
(48, 48) 0
(12, 14) 229
(51, 29) 110
(15, 3) 143
(19, 68) 213
(2, 20) 110
(24, 57) 253
(27, 4) 156
(49, 23) 280
(52, 4) 196
(35, 68) 96
(0, 34) 185
(56, 63) 568
(55, 25) 390
(20, 45) 173
(3, 47) 195
(60, 68) 29
(23, 48) 306
(6, 8) 109
(64, 15) 216
(28, 61) 167
(67, 10) 139
(32, 56) 524
(31, 16) 293
(53, 35) 88
(18, 7) 247
(57, 32) 354
(38, 66) 302
(21, 10) 262
(4, 54) 50
(60, 59) 360
(43, 21) 181
(8, 49) 260
(7, 43) 120
(65, 32) 34
(46, 2) 189
(11, 44) 319
(68, 43) 110
(33, 31) 281
(16, 49) 85
(36, 60) 132
(58, 1) 241
(39, 33) 163
(61, 20) 157
(44, 44) 0
(9, 22) 305
(48, 55) 303
(12, 5) 235
(16, 64) 301
(15, 8) 187
(37, 27) 357
(24, 0) 349
(27, 29) 80
(49, 8) 260
(52, 3) 252
(0, 57) 195
(55, 22) 438
(20, 52) 181
(3, 20) 183
(60, 67) 183
(25, 39) 121
(6, 3) 64
(64, 6) 159
(28, 52) 374
(32, 63) 86
(31, 25) 557
(14, 67) 233
(53, 44) 219
(57, 41) 163
(40, 47) 124
(21, 19) 82
(4, 61) 105
(60, 50) 116
(43, 10) 124
(8, 56) 404
(7, 32) 151
(65, 57) 322
(46, 5) 172
(11, 37) 345
(68, 18) 96
(33, 16) 41
(16, 40) 182
(36, 59) 260
(58, 8) 252
(41, 48) 44
(17, 28) 400
(61, 45) 327
(44, 43) 233
(9, 31) 54
(48, 46) 133
(12, 60) 218
(15, 17) 227
(37, 4) 202
(41, 65) 329
(24, 7) 523
(31, 59) 401
(62, 20) 317
(27, 18) 269
(49, 1) 193
(13, 27) 226
(52, 10) 380
(0, 48) 169
(20, 51) 215
(3, 29) 89
(25, 40) 143
(64, 29) 103
(28, 51) 134
