General parameters 

20 81 720 750


Customer schedules 

0 0	0 [0,720]	
1 33	1 [0,91]	2 [220,274]	3 [345,361]	4 [454,456]	5 [493,720]	
2 50	6 [0,7]	7 [167,208]	8 [418,499]	9 [550,720]	
3 39	10 [0,720]	
4 65	11 [0,720]	
5 49	12 [0,2]	13 [46,59]	14 [95,184]	15 [211,321]	16 [400,475]	17 [568,720]	
6 80	18 [0,42]	19 [198,220]	20 [263,306]	21 [331,387]	22 [543,720]	
7 58	23 [0,66]	24 [183,204]	25 [423,465]	26 [613,631]	27 [694,720]	
8 40	28 [0,69]	29 [103,215]	30 [386,451]	31 [604,720]	
9 48	32 [0,720]	
10 75	33 [0,1]	34 [156,160]	35 [412,417]	36 [605,606]	37 [699,720]	
11 48	38 [0,157]	39 [286,340]	40 [438,624]	41 [655,720]	
12 41	42 [0,720]	
13 43	43 [0,50]	44 [54,60]	45 [155,177]	46 [354,396]	47 [536,720]	
14 47	48 [0,44]	49 [176,190]	50 [279,280]	51 [413,454]	52 [555,570]	53 [661,720]	
15 38	54 [0,61]	55 [175,183]	56 [318,349]	57 [489,529]	58 [586,616]	59 [702,720]	
16 19	60 [0,61]	61 [116,171]	62 [321,321]	63 [443,479]	64 [586,604]	65 [636,720]	
17 53	66 [0,86]	67 [111,124]	68 [274,419]	69 [584,720]	
18 41	70 [0,16]	71 [43,69]	72 [135,136]	73 [305,330]	74 [444,720]	
19 52	75 [0,720]	
20 50	76 [0,84]	77 [87,157]	78 [356,360]	79 [556,720]	
21 0	80 [0,720]	


Location coordinates

0 	 0.0 0.0
1 	 -7.74700782027 -8.94993058777
2 	 55.5925984562 -20.2757773144
3 	 21.8250232826 -9.96088068013
4 	 -24.0419413997 -17.8112977168
5 	 -7.74700782027 -8.94993058777
6 	 -37.5761276132 108.45016637
7 	 42.2396297048 110.756759185
8 	 -62.8146530126 106.571627016
9 	 -37.5761276132 108.45016637
10 	 -129.777754229 70.8826742837
11 	 -108.42521501 -1.72790805416
12 	 -8.57651519867 21.6756002817
13 	 -1.83370306152 42.5397323218
14 	 -4.43772598649 24.8074406518
15 	 -16.1682926277 31.3962397081
16 	 0.687215757653 67.0675767447
17 	 -8.57651519867 21.6756002817
18 	 -33.2827689323 -92.5421453744
19 	 8.55514420064 -27.0000279956
20 	 -12.7138492638 -28.7470890019
21 	 -3.4379871092 -20.3106738674
22 	 -33.2827689323 -92.5421453744
23 	 45.4689592607 -46.2674342605
24 	 99.3364687857 -69.6163501496
25 	 3.9175140806 -15.8358581605
26 	 44.3046599587 -77.6388593567
27 	 45.4689592607 -46.2674342605
28 	 51.5216679075 77.8357008353
29 	 37.0685563578 68.9389960791
30 	 44.0135574927 154.063822513
31 	 51.5216679075 77.8357008353
32 	 -17.2131083831 70.3697510656
33 	 16.6522410259 -42.0927202397
34 	 -0.0777410091398 33.5658880528
35 	 76.5223072783 -66.2997275427
36 	 -16.91117591 -74.44837839
37 	 16.6522410259 -42.0927202397
38 	 19.2334522506 19.1669354398
39 	 83.3984630562 15.7221780061
40 	 34.7514278485 19.8331994829
41 	 19.2334522506 19.1669354398
42 	 31.6228932356 158.197750695
43 	 64.9258461181 53.3685863727
44 	 64.488353226 55.1191878569
45 	 41.8060613698 96.7820919549
46 	 128.954974598 81.6148777781
47 	 64.9258461181 53.3685863727
48 	 -109.830088799 107.971957512
49 	 -47.3246211187 86.8002047554
50 	 -90.9349937622 95.790627502
51 	 -150.887966913 66.7205116519
52 	 -154.419719587 117.231916007
53 	 -109.830088799 107.971957512
54 	 84.6770472508 -108.254178409
55 	 140.073912252 -94.9095404728
56 	 83.1001784606 -58.3107985308
57 	 65.3869826432 -126.046820037
58 	 79.8201992046 -150.742236965
59 	 84.6770472508 -108.254178409
60 	 -48.3900619855 -37.4022519407
61 	 -30.6029718469 -16.7288296987
62 	 -29.3697520339 -91.9163879917
63 	 -82.7928788703 -62.3751835054
64 	 -48.7189520852 -21.3699925154
65 	 -48.3900619855 -37.4022519407
66 	 3.52264070651 44.801862892
67 	 -5.4841450218 53.2256440724
68 	 5.13244690692 127.226503205
69 	 3.52264070651 44.801862892
70 	 55.4024835833 118.025355802
71 	 63.8523272213 107.466783217
72 	 79.6359567679 136.59830598
73 	 -1.22076306365 112.69548058
74 	 55.4024835833 118.025355802
75 	 10.2501038239 159.282130574
76 	 5.53038938754 0.724742026996
77 	 6.90650241589 -0.105122405714
78 	 -30.8446492394 91.8184637969
79 	 5.53038938754 0.724742026996
80 	 0.0 0.0


Travel time matrix 

(53, 53) 0
(57, 50) 543
(39, 70) 212
(43, 3) 153
(63, 76) 217
(29, 44) 61
(33, 41) 123
(80, 12) 47
(9, 0) 230
(15, 30) 273
(62, 31) 376
(66, 66) 0
(52, 17) 349
(28, 10) 363
(32, 77) 149
(14, 77) 55
(4, 35) 223
(8, 38) 240
(65, 11) 140
(41, 34) 48
(61, 63) 139
(17, 57) 330
(37, 54) 190
(13, 13) 0
(74, 13) 189
(3, 11) 261
(50, 18) 394
(40, 4) 139
(46, 30) 223
(16, 29) 73
(36, 80) 153
(2, 64) 209
(22, 7) 434
(26, 74) 392
(12, 41) 56
(69, 40) 80
(73, 45) 92
(59, 14) 320
(45, 47) 98
(49, 52) 223
(25, 3) 38
(45, 64) 298
(1, 58) 333
(21, 55) 323
(78, 56) 376
(7, 4) 289
(11, 65) 140
(54, 33) 190
(58, 44) 413
(44, 15) 168
(34, 21) 108
(10, 26) 457
(67, 71) 176
(0, 28) 187
(77, 34) 69
(63, 19) 196
(33, 68) 339
(53, 9) 145
(57, 78) 476
(29, 48) 304
(33, 53) 392
(19, 6) 286
(5, 39) 189
(9, 60) 293
(66, 55) 391
(52, 70) 420
(56, 1) 207
(42, 60) 423
(5, 72) 339
(62, 59) 230
(38, 0) 54
(14, 41) 49
(71, 72) 66
(75, 13) 234
(4, 7) 289
(65, 23) 188
(51, 36) 389
(41, 30) 274
(61, 67) 149
(47, 16) 131
(17, 37) 137
(37, 42) 402
(23, 11) 320
(13, 49) 127
(70, 34) 202
(74, 33) 329
(60, 12) 142
(50, 54) 538
(26, 63) 256
(46, 58) 475
(2, 36) 181
(22, 35) 226
(79, 54) 269
(69, 12) 52
(55, 41) 332
(59, 42) 543
(45, 19) 256
(49, 80) 198
(31, 64) 282
(35, 5) 204
(25, 31) 210
(11, 28) 357
(72, 30) 79
(1, 6) 242
(21, 75) 360
(78, 20) 244
(54, 13) 348
(30, 42) 26
(34, 57) 345
(0, 73) 225
(20, 4) 31
(6, 51) 242
(10, 62) 383
(67, 35) 290
(43, 58) 409
(63, 55) 450
(39, 14) 177
(80, 69) 90
(43, 75) 238
(29, 20) 219
(15, 33) 161
(19, 34) 122
(76, 17) 51
(5, 27) 130
(62, 68) 444
(66, 27) 201
(56, 29) 271
(42, 16) 192
(32, 6) 86
(18, 41) 247
(38, 44) 116
(65, 66) 194
(14, 5) 68
(71, 44) 105
(75, 41) 281
(47, 71) 108
(51, 0) 330
(27, 59) 147
(47, 52) 457
(17, 1) 61
(3, 50) 309
(23, 47) 203
(64, 36) 124
(50, 75) 239
(70, 14) 221
(74, 69) 179
(40, 77) 68
(3, 67) 138
(60, 16) 231
(36, 25) 124
(26, 19) 124
(73, 20) 283
(2, 8) 347
(79, 10) 305
(35, 80) 202
(55, 13) 395
(59, 54) 0
(25, 74) 287
(31, 36) 334
(35, 33) 129
(7, 63) 427
(11, 56) 399
(68, 63) 418
(72, 58) 575
(44, 64) 273
(7, 76) 232
(48, 3) 354
(68, 78) 101
(24, 44) 259
(10, 67) 251
(30, 6) 187
(20, 24) 239
(77, 25) 32
(6, 31) 188
(67, 31) 124
(57, 21) 252
(43, 38) 114
(63, 43) 375
(29, 71) 94
(33, 12) 137
(53, 65) 316
(39, 50) 384
(80, 33) 91
(15, 5) 82
(56, 74) 357
(19, 62) 150
(76, 53) 315
(52, 62) 487
(56, 57) 140
(28, 39) 139
(32, 34) 81
(18, 13) 277
(75, 68) 65
(38, 72) 264
(4, 72) 372
(8, 11) 235
(65, 46) 426
(71, 16) 150
(61, 26) 193
(51, 28) 405
(37, 17) 137
(27, 7) 314
(74, 22) 456
(3, 46) 282
(60, 69) 194
(23, 51) 452
(64, 0) 106
(40, 41) 31
(60, 52) 375
(46, 3) 282
(16, 50) 192
(36, 61) 119
(12, 6) 183
(69, 51) 312
(16, 65) 231
(73, 48) 217
(49, 15) 127
(35, 76) 195
(55, 17) 378
(25, 38) 76
(31, 24) 310
(21, 18) 156
(7, 35) 361
(48, 80) 308
(11, 36) 234
(68, 19) 309
(1, 78) 206
(58, 9) 569
(78, 76) 196
(44, 36) 306
(48, 47) 366
(34, 14) 20
(20, 77) 69
(24, 8) 479
(0, 49) 198
(20, 60) 73
(77, 61) 82
(53, 52) 91
(57, 49) 481
(39, 65) 284
(43, 2) 148
(63, 79) 217
(29, 43) 64
(33, 40) 129
(80, 13) 85
(9, 7) 160
(15, 25) 103
(62, 28) 376
(66, 67) 25
(52, 18) 484
(28, 11) 357
(32, 78) 51
(4, 44) 229
(8, 39) 344
(65, 10) 271
(41, 33) 123
(61, 62) 150
(17, 56) 243
(37, 53) 392
(13, 12) 44
(74, 10) 382
(3, 10) 344
(50, 19) 316
(40, 5) 102
(46, 31) 155
(16, 30) 194
(73, 67) 119
(2, 65) 211
(22, 4) 151
(26, 75) 479
(12, 42) 285
(69, 23) 201
(73, 44) 175
(59, 1) 271
(45, 46) 177
(49, 43) 234
(25, 2) 104
(1, 57) 276
(21, 54) 249
(78, 57) 476
(7, 7) 0
(11, 64) 126
(54, 38) 286
(58, 45) 501
(44, 8) 274
(34, 18) 261
(77, 80) 14
(10, 27) 422
(67, 70) 178
(0, 29) 157
(77, 33) 86
(63, 18) 116
(53, 8) 94
(57, 77) 278
(29, 15) 130
(33, 52) 467
(19, 9) 286
(5, 38) 78
(9, 35) 417
(66, 52) 348
(52, 71) 437
(56, 2) 94
(42, 61) 371
(62, 56) 235
(38, 1) 78
(14, 46) 290
(71, 75) 149
(75, 12) 277
(4, 0) 60
(65, 22) 114
(51, 39) 480
(41, 29) 106
(61, 66) 141
(47, 19) 196
(17, 36) 193
(37, 41) 123
(23, 10) 422
(13, 48) 253
(70, 35) 371
(74, 46) 164
(60, 13) 185
(64, 72) 407
(50, 55) 599
(26, 60) 202
(46, 59) 390
(2, 37) 89
(22, 32) 327
(79, 49) 202
(69, 11) 242
(55, 40) 312
(59, 45) 418
(45, 18) 407
(31, 67) 124
(35, 4) 223
(25, 30) 349
(11, 31) 357
(72, 31) 130
(1, 5) 0
(21, 74) 300
(78, 21) 230
(48, 24) 549
(54, 2) 185
(30, 43) 206
(34, 54) 330
(0, 74) 261
(20, 5) 41
(24, 64) 311
(6, 48) 145
(10, 63) 283
(67, 34) 41
(43, 61) 237
(63, 54) 347
(39, 9) 305
(80, 70) 261
(43, 74) 131
(29, 19) 200
(15, 32) 78
(19, 37) 34
(76, 18) 202
(5, 26) 172
(62, 69) 281
(66, 24) 298
(56, 30) 432
(42, 17) 285
(32, 7) 144
(18, 38) 247
(38, 45) 162
(8, 16) 150
(65, 65) 0
(14, 10) 267
(71, 47) 108
(75, 40) 283
(47, 70) 131
(51, 3) 378
(27, 58) 220
(47, 55) 332
(17, 0) 47
(3, 53) 354
(23, 46) 305
(64, 37) 137
(50, 72) 351
(70, 15) 225
(74, 66) 179
(40, 78) 195
(3, 66) 115
(60, 17) 142
(36, 26) 123
(26, 16) 302
(73, 27) 331
(2, 9) 318
(79, 21) 46
(55, 12) 378
(59, 73) 474
(25, 73) 257
(31, 39) 139
(35, 32) 331
(7, 62) 430
(11, 59) 441
(68, 56) 403
(72, 59) 490
(44, 65) 292
(7, 79) 232
(48, 4) 305
(68, 79) 253
(24, 45) 352
(10, 64) 246
(30, 7) 87
(20, 25) 42
(77, 24) 231
(6, 28) 188
(67, 30) 224
(57, 20) 250
(43, 25) 184
(63, 42) 497
(29, 70) 105
(33, 3) 65
(53, 64) 286
(39, 45) 182
(80, 34) 67
(15, 4) 100
(56, 75) 459
(19, 65) 116
(76, 54) 269
(52, 63) 387
(56, 58) 185
(28, 32) 138
(32, 35) 331
(18, 10) 380
(75, 71) 149
(38, 73) 191
(4, 73) 265
(8, 12) 201
(65, 45) 323
(71, 19) 291
(61, 25) 69
(51, 31) 405
(37, 16) 221
(27, 6) 351
(74, 23) 329
(3, 17) 88
(60, 70) 373
(23, 50) 394
(64, 1) 85
(40, 42) 277
(60, 53) 316
(46, 0) 305
(16, 51) 303
(36, 62) 43
(12, 7) 205
(69, 50) 215
(16, 66) 45
(73, 55) 502
(49, 14) 151
(35, 79) 195
(55, 16) 427
(25, 37) 58
(31, 27) 249
(21, 17) 85
(78, 34) 132
(7, 34) 176
(11, 39) 385
(68, 28) 136
(1, 77) 34
(58, 22) 254
(78, 77) 199
(44, 37) 217
(48, 32) 200
(34, 15) 32
(20, 78) 244
(24, 9) 449
(0, 50) 264
(20, 61) 43
(77, 60) 133
(53, 51) 116
(57, 48) 585
(39, 64) 274
(43, 5) 191
(63, 78) 325
(29, 42) 179
(33, 47) 214
(80, 14) 50
(9, 6) 0
(15, 24) 307
(42, 70) 93
(62, 29) 348
(66, 64) 169
(52, 19) 435
(38, 26) 200
(28, 4) 244
(32, 79) 147
(4, 45) 264
(8, 40) 261
(65, 9) 293
(41, 32) 126
(61, 61) 0
(17, 63) 224
(37, 52) 467
(13, 11) 231
(74, 11) 406
(3, 13) 115
(50, 16) 192
(40, 6) 229
(46, 28) 155
(16, 31) 104
(73, 66) 136
(22, 5) 175
(26, 72) 434
(12, 43) 160
(69, 22) 284
(59, 0) 275
(45, 45) 0
(49, 42) 213
(25, 1) 27
(1, 56) 207
(21, 53) 333
(78, 62) 367
(7, 6) 160
(11, 67) 233
(54, 39) 248
(58, 42) 625
(44, 9) 230
(34, 19) 122
(77, 79) 3
(10, 24) 538
(67, 73) 119
(0, 30) 320
(77, 32) 149
(63, 29) 355
(53, 23) 438
(57, 76) 280
(29, 14) 121
(19, 8) 303
(5, 37) 82
(9, 34) 167
(66, 53) 260
(52, 64) 349
(56, 3) 156
(42, 58) 625
(62, 57) 201
(38, 6) 212
(14, 47) 150
(71, 74) 27
(75, 15) 261
(4, 1) 37
(65, 21) 96
(51, 38) 353
(37, 71) 314
(41, 28) 134
(61, 65) 55
(47, 18) 352
(17, 27) 173
(37, 40) 129
(23, 5) 130
(13, 47) 135
(70, 32) 174
(74, 47) 131
(60, 14) 152
(64, 73) 284
(50, 52) 134
(26, 61) 193
(46, 56) 294
(2, 34) 155
(22, 33) 142
(79, 48) 315
(69, 10) 272
(55, 43) 332
(59, 44) 329
(45, 17) 181
(31, 66) 117
(35, 7) 361
(25, 29) 182
(11, 30) 436
(72, 0) 316
(1, 4) 37
(21, 73) 266
(78, 26) 371
(48, 25) 336
(54, 3) 233
(30, 40) 269
(34, 55) 380
(0, 75) 319
(20, 6) 279
(24, 65) 302
(6, 49) 47
(10, 60) 271
(67, 37) 195
(43, 60) 290
(63, 49) 307
(39, 8) 344
(80, 71) 250
(43, 77) 158
(29, 18) 352
(15, 35) 269
(19, 36) 108
(76, 19) 56
(5, 25) 27
(62, 74) 452
(66, 25) 121
(52, 36) 472
(15, 80) 71
(56, 31) 280
(42, 30) 26
(32, 24) 364
(18, 39) 318
(38, 34) 48
(8, 17) 201
(65, 64) 32
(28, 76) 180
(14, 11) 215
(71, 46) 140
(75, 43) 238
(47, 65) 290
(51, 2) 448
(27, 61) 163
(47, 54) 325
(17, 7) 205
(3, 52) 435
(23, 41) 141
(64, 38) 158
(50, 73) 183
(70, 12) 231
(74, 67) 178
(40, 79) 70
(3, 69) 115
(60, 18) 114
(36, 27) 137
(26, 17) 225
(12, 28) 164
(73, 26) 391
(2, 6) 318
(79, 20) 69
(55, 15) 402
(59, 72) 490
(25, 72) 340
(31, 38) 134
(35, 35) 0
(7, 57) 475
(11, 58) 480
(68, 57) 520
(72, 60) 432
(44, 66) 124
(7, 78) 151
(48, 5) 310
(68, 72) 150
(24, 46) 308
(10, 65) 271
(30, 4) 370
(20, 26) 150
(77, 23) 120
(6, 29) 169
(67, 1) 124
(57, 27) 164
(43, 24) 255
(29, 69) 83
(33, 2) 89
(53, 79) 315
(39, 44) 87
(80, 35) 202
(15, 7) 197
(56, 76) 195
(19, 64) 115
(76, 55) 330
(52, 56) 591
(56, 59) 100
(28, 33) 250
(32, 36) 290
(18, 11) 236
(75, 70) 122
(38, 78) 176
(4, 74) 314
(8, 13) 177
(65, 44) 292
(28, 80) 187
(71, 18) 444
(61, 24) 280
(51, 30) 427
(37, 31) 250
(27, 25) 103
(74, 20) 324
(3, 16) 160
(60, 71) 366
(23, 77) 120
(64, 2) 209
(40, 43) 90
(60, 54) 302
(46, 1) 327
(16, 52) 326
(36, 63) 134
(12, 0) 47
(69, 49) 132
(16, 67) 30
(73, 54) 474
(49, 13) 127
(35, 78) 382
(55, 19) 296
(25, 36) 124
(31, 26) 311
(21, 16) 175
(78, 35) 382
(7, 29) 84
(11, 38) 259
(68, 29) 133
(1, 76) 33
(58, 23) 220
(44, 38) 116
(48, 33) 392
(34, 12) 29
(20, 79) 69
(24, 10) 538
(0, 51) 330
(20, 62) 131
(77, 59) 266
(53, 50) 45
(57, 55) 162
(39, 67) 193
(43, 4) 228
(63, 73) 386
(29, 41) 106
(33, 46) 334
(80, 15) 71
(9, 5) 242
(66, 46) 261
(15, 27) 198
(42, 71) 120
(62, 2) 222
(66, 65) 194
(52, 28) 419
(38, 27) 141
(28, 5) 210
(32, 64) 194
(14, 80) 50
(4, 46) 364
(8, 41) 240
(65, 8) 289
(41, 39) 129
(61, 60) 55
(17, 62) 231
(37, 51) 400
(13, 10) 262
(74, 8) 238
(3, 12) 88
(50, 17) 222
(40, 7) 182
(26, 38) 200
(46, 29) 186
(16, 16) 0
(73, 65) 314
(22, 26) 158
(26, 73) 391
(12, 36) 193
(69, 21) 131
(59, 3) 233
(45, 44) 95
(49, 41) 190
(25, 0) 33
(1, 63) 184
(21, 52) 408
(78, 63) 325
(7, 1) 259
(11, 66) 242
(54, 36) 214
(58, 43) 409
(44, 10) 390
(34, 16) 67
(77, 78) 199
(6, 74) 187
(10, 25) 319
(67, 72) 238
(0, 31) 187
(63, 28) 388
(53, 22) 429
(29, 13) 94
(19, 11) 239
(5, 36) 132
(9, 33) 320
(66, 50) 215
(52, 65) 375
(56, 4) 229
(42, 59) 543
(62, 62) 0
(38, 7) 189
(14, 44) 151
(71, 69) 174
(75, 14) 270
(4, 2) 159
(65, 20) 73
(51, 41) 353
(37, 70) 329
(41, 3) 58
(61, 64) 37
(27, 80) 130
(47, 29) 64
(17, 26) 225
(23, 4) 150
(13, 46) 273
(70, 33) 329
(74, 44) 127
(60, 15) 152
(64, 74) 348
(50, 53) 45
(26, 58) 163
(46, 57) 434
(2, 35) 101
(22, 38) 247
(79, 51) 340
(69, 9) 152
(55, 42) 551
(59, 47) 325
(45, 16) 101
(31, 77) 180
(35, 6) 417
(25, 28) 210
(11, 17) 205
(72, 1) 339
(1, 27) 130
(21, 72) 354
(78, 27) 315
(48, 26) 482
(54, 0) 275
(30, 41) 274
(34, 52) 351
(0, 76) 11
(20, 7) 300
(24, 66) 298
(6, 54) 497
(10, 61) 265
(67, 36) 256
(43, 63) 375
(63, 48) 345
(39, 11) 385
(80, 56) 203
(43, 76) 159
(29, 17) 131
(15, 34) 32
(19, 39) 172
(76, 12) 51
(5, 24) 246
(62, 75) 508
(66, 22) 284
(52, 37) 467
(56, 32) 326
(42, 31) 165
(32, 25) 178
(18, 36) 49
(38, 35) 206
(8, 18) 403
(65, 71) 366
(28, 77) 180
(14, 8) 201
(71, 41) 198
(75, 42) 43
(47, 64) 272
(51, 5) 324
(27, 60) 188
(47, 49) 234
(17, 6) 183
(3, 55) 291
(23, 40) 134
(64, 39) 274
(50, 70) 296
(70, 13) 189
(74, 64) 348
(40, 48) 339
(3, 68) 276
(60, 19) 116
(36, 4) 114
(26, 30) 463
(12, 29) 131
(73, 25) 257
(2, 7) 263
(79, 23) 123
(55, 14) 375
(59, 75) 555
(25, 79) 33
(31, 33) 250
(35, 34) 252
(7, 56) 348
(11, 61) 159
(68, 58) 576
(72, 61) 378
(44, 67) 140
(7, 73) 87
(48, 6) 145
(68, 73) 32
(24, 47) 255
(10, 78) 202
(30, 5) 342
(0, 40) 80
(20, 27) 122
(77, 22) 201
(6, 18) 402
(67, 0) 107
(57, 26) 106
(43, 27) 203
(29, 68) 133
(33, 1) 82
(53, 78) 161
(39, 47) 84
(80, 36) 153
(15, 6) 160
(56, 77) 192
(19, 67) 163
(76, 48) 315
(52, 57) 656
(56, 60) 266
(28, 34) 136
(32, 37) 235
(18, 8) 403
(38, 79) 46
(4, 75) 361
(8, 14) 201
(65, 35) 256
(71, 13) 185
(61, 23) 163
(37, 30) 396
(27, 24) 117
(74, 21) 300
(3, 19) 43
(60, 64) 32
(23, 76) 123
(64, 3) 143
(40, 44) 92
(60, 55) 394
(46, 6) 337
(16, 53) 236
(36, 56) 203
(12, 1) 61
(69, 48) 260
(16, 68) 121
(73, 53) 217
(49, 12) 152
(55, 18) 347
(25, 43) 184
(31, 5) 210
(21, 31) 225
(78, 32) 51
(7, 28) 68
(68, 30) 94
(1, 67) 124
(58, 20) 306
(44, 39) 87
(48, 34) 265
(34, 13) 18
(20, 72) 378
(24, 11) 437
(0, 52) 388
(20, 63) 155
(77, 58) 335
(53, 49) 132
(57, 54) 52
(39, 66) 170
(43, 7) 123
(63, 72) 513
(29, 40) 98
(33, 45) 282
(80, 0) 0
(9, 4) 254
(66, 47) 124
(15, 26) 249
(42, 68) 82
(5, 80) 24
(62, 3) 193
(52, 29) 395
(38, 24) 239
(28, 6) 188
(32, 65) 224
(4, 47) 228
(8, 42) 215
(65, 15) 152
(41, 38) 0
(61, 59) 294
(17, 61) 89
(37, 50) 350
(13, 9) 150
(70, 58) 540
(74, 9) 187
(3, 15) 112
(23, 80) 130
(50, 14) 224
(40, 8) 261
(26, 39) 202
(46, 34) 275
(16, 17) 93
(73, 64) 284
(22, 27) 183
(12, 37) 137
(69, 20) 151
(59, 2) 185
(45, 43) 98
(49, 40) 212
(25, 7) 265
(1, 62) 171
(21, 51) 342
(78, 60) 261
(7, 0) 237
(11, 69) 242
(54, 37) 190
(58, 40) 353
(44, 11) 364
(30, 50) 294
(34, 17) 29
(77, 77) 0
(6, 75) 140
(10, 6) 199
(67, 75) 214
(0, 16) 134
(63, 31) 388
(53, 21) 333
(29, 12) 131
(19, 10) 339
(5, 35) 204
(9, 32) 86
(66, 51) 312
(52, 66) 348
(56, 5) 207
(42, 56) 445
(62, 63) 122
(38, 4) 114
(14, 45) 171
(71, 68) 124
(18, 80) 197
(75, 1) 338
(4, 3) 93
(51, 40) 383
(37, 69) 176
(41, 2) 107
(47, 28) 56
(17, 25) 79
(23, 7) 314
(13, 45) 139
(70, 38) 211
(74, 45) 50
(60, 8) 289
(64, 75) 380
(50, 50) 0
(26, 59) 101
(46, 62) 470
(2, 32) 233
(22, 39) 318
(79, 50) 271
(69, 8) 181
(55, 37) 268
(59, 46) 390
(45, 15) 175
(31, 76) 180
(35, 9) 417
(11, 16) 258
(72, 2) 317
(1, 26) 172
(78, 24) 414
(48, 27) 438
(54, 1) 271
(30, 46) 223
(34, 53) 265
(0, 77) 14
(20, 0) 63
(24, 67) 323
(6, 55) 540
(10, 58) 610
(67, 39) 193
(43, 62) 346
(63, 51) 292
(39, 10) 440
(80, 57) 284
(43, 79) 159
(29, 16) 73
(15, 45) 175
(19, 38) 95
(76, 13) 85
(5, 7) 259
(62, 72) 506
(66, 23) 201
(52, 38) 399
(56, 33) 137
(42, 28) 165
(32, 26) 320
(18, 37) 142
(38, 32) 126
(4, 80) 60
(8, 19) 303
(65, 70) 373
(28, 78) 167
(14, 9) 180
(71, 40) 185
(75, 45) 140
(47, 67) 141
(51, 4) 305
(27, 63) 259
(47, 48) 366
(17, 5) 61
(3, 54) 233
(23, 43) 203
(64, 56) 274
(50, 71) 310
(70, 2) 277
(74, 65) 373
(40, 49) 212
(3, 71) 249
(60, 44) 292
(36, 5) 132
(22, 80) 197
(26, 31) 311
(12, 30) 285
(73, 24) 416
(2, 4) 159
(79, 22) 202
(55, 9) 540
(59, 74) 456
(25, 78) 226
(31, 32) 138
(35, 37) 129
(7, 59) 446
(11, 60) 140
(68, 59) 497
(72, 62) 506
(44, 60) 292
(7, 72) 91
(48, 7) 304
(68, 74) 102
(24, 48) 549
(10, 79) 305
(30, 10) 385
(0, 41) 54
(20, 36) 92
(77, 21) 45
(6, 19) 286
(67, 3) 138
(57, 25) 252
(43, 26) 265
(29, 67) 91
(33, 0) 91
(53, 77) 318
(39, 46) 160
(80, 37) 91
(15, 1) 82
(56, 78) 376
(19, 66) 144
(76, 49) 202
(52, 58) 712
(56, 61) 242
(28, 35) 293
(32, 38) 126
(18, 9) 402
(38, 76) 46
(4, 52) 375
(8, 15) 177
(65, 34) 171
(71, 12) 224
(61, 22) 152
(17, 80) 47
(37, 29) 226
(27, 27) 0
(74, 18) 456
(3, 18) 199
(60, 65) 0
(23, 79) 123
(64, 4) 50
(40, 45) 154
(60, 48) 316
(46, 7) 183
(16, 54) 389
(36, 57) 194
(79, 69) 88
(12, 2) 153
(69, 63) 275
(16, 69) 45
(73, 52) 307
(49, 3) 238
(25, 42) 352
(31, 4) 244
(21, 30) 361
(78, 33) 284
(7, 31) 68
(68, 31) 136
(1, 66) 110
(58, 21) 309
(78, 80) 194
(44, 32) 166
(48, 35) 510
(34, 10) 270
(20, 73) 283
(24, 12) 283
(0, 53) 308
(20, 56) 201
(77, 57) 278
(53, 48) 0
(57, 53) 585
(43, 6) 233
(63, 75) 481
(29, 39) 141
(33, 44) 217
(80, 1) 24
(9, 11) 262
(66, 44) 124
(42, 69) 234
(62, 0) 193
(52, 30) 404
(38, 25) 76
(28, 7) 68
(32, 66) 66
(4, 40) 139
(8, 43) 276
(65, 14) 152
(41, 37) 123
(61, 58) 347
(17, 60) 142
(37, 49) 287
(13, 8) 177
(70, 59) 456
(74, 54) 456
(3, 14) 87
(50, 15) 197
(70, 74) 0
(40, 9) 229
(26, 36) 123
(46, 35) 314
(16, 18) 326
(73, 71) 131
(22, 24) 269
(12, 38) 56
(69, 19) 144
(59, 5) 271
(45, 42) 125
(49, 47) 234
(25, 6) 262
(1, 61) 48
(58, 70) 540
(21, 50) 291
(78, 61) 217
(7, 3) 245
(11, 68) 344
(54, 58) 86
(58, 41) 361
(44, 4) 229
(30, 51) 427
(34, 46) 275
(77, 76) 3
(6, 72) 241
(10, 7) 353
(67, 74) 178
(30, 66) 233
(0, 17) 47
(63, 30) 502
(53, 20) 335
(29, 11) 323
(19, 13) 140
(5, 34) 86
(9, 39) 305
(66, 48) 260
(52, 67) 324
(56, 6) 412
(42, 57) 572
(62, 60) 115
(18, 62) 8
(38, 5) 78
(14, 50) 224
(71, 71) 0
(75, 0) 319
(4, 12) 85
(51, 43) 432
(37, 68) 339
(41, 1) 78
(47, 31) 56
(17, 24) 283
(23, 6) 351
(13, 44) 135
(70, 39) 212
(74, 42) 93
(60, 9) 293
(64, 76) 117
(50, 51) 133
(26, 56) 87
(46, 63) 511
(2, 33) 89
(22, 36) 49
(79, 61) 80
(55, 36) 317
(59, 33) 190
(45, 14) 171
(49, 75) 185
(31, 79) 180
(35, 8) 444
(11, 19) 239
(72, 3) 315
(1, 25) 27
(78, 25) 226
(48, 28) 328
(54, 6) 497
(30, 47) 206
(34, 50) 220
(0, 78) 194
(20, 1) 41
(24, 68) 436
(6, 52) 234
(10, 59) 558
(67, 38) 84
(43, 49) 234
(63, 50) 317
(39, 5) 189
(80, 58) 341
(43, 78) 206
(15, 44) 168
(19, 41) 95
(76, 14) 52
(5, 6) 242
(62, 73) 413
(9, 67) 128
(66, 20) 151
(52, 39) 517
(56, 34) 248
(42, 29) 179
(32, 27) 265
(18, 34) 261
(38, 33) 123
(8, 20) 289
(65, 69) 194
(28, 79) 180
(14, 14) 0
(71, 43) 108
(75, 44) 235
(47, 66) 124
(51, 7) 396
(27, 62) 175
(47, 51) 432
(17, 4) 85
(3, 57) 248
(23, 42) 410
(64, 57) 310
(50, 68) 202
(13, 80) 85
(70, 3) 265
(74, 78) 180
(40, 50) 294
(3, 70) 265
(60, 45) 323
(36, 6) 368
(26, 28) 311
(12, 31) 164
(73, 31) 126
(2, 5) 129
(79, 17) 51
(55, 8) 572
(59, 77) 266
(25, 77) 32
(31, 35) 293
(35, 36) 188
(7, 58) 528
(11, 63) 132
(68, 36) 406
(72, 63) 513
(44, 61) 238
(7, 75) 116
(48, 56) 509
(68, 75) 65
(24, 49) 429
(10, 76) 305
(30, 11) 436
(0, 42) 323
(20, 37) 65
(77, 20) 69
(6, 16) 113
(67, 2) 191
(57, 24) 132
(43, 29) 64
(29, 66) 83
(33, 7) 310
(53, 76) 315
(39, 41) 129
(80, 38) 54
(15, 0) 71
(56, 79) 195
(19, 69) 144
(76, 50) 271
(52, 59) 657
(56, 62) 235
(28, 60) 305
(32, 39) 229
(18, 6) 402
(38, 77) 46
(4, 53) 305
(8, 48) 94
(65, 33) 130
(71, 15) 221
(61, 21) 55
(37, 28) 250
(27, 26) 63
(74, 19) 305
(3, 21) 55
(60, 66) 194
(23, 78) 315
(64, 5) 85
(40, 46) 225
(60, 49) 248
(46, 4) 364
(16, 55) 427
(36, 58) 246
(79, 68) 253
(12, 3) 88
(69, 62) 281
(16, 70) 150
(73, 59) 474
(49, 2) 297
(25, 41) 76
(31, 7) 68
(21, 29) 196
(78, 38) 176
(7, 30) 87
(68, 24) 436
(1, 65) 99
(58, 18) 254
(44, 33) 217
(48, 36) 409
(34, 11) 228
(20, 74) 324
(24, 13) 302
(0, 54) 275
(20, 57) 250
(77, 56) 192
(53, 63) 345
(57, 52) 656
(63, 74) 454
(29, 38) 106
(33, 35) 129
(80, 2) 118
(9, 10) 199
(66, 45) 129
(42, 66) 234
(62, 1) 171
(52, 31) 419
(38, 30) 274
(28, 0) 187
(32, 67) 42
(4, 41) 114
(8, 44) 274
(65, 13) 185
(41, 36) 200
(61, 57) 291
(27, 73) 331
(17, 51) 299
(37, 48) 392
(13, 7) 162
(70, 56) 357
(74, 55) 458
(50, 12) 222
(70, 75) 122
(40, 10) 345
(26, 37) 90
(46, 32) 293
(12, 80) 47
(16, 19) 189
(73, 70) 114
(22, 25) 171
(12, 39) 184
(69, 18) 284
(59, 4) 282
(45, 41) 162
(49, 46) 353
(25, 5) 27
(1, 60) 99
(58, 71) 517
(21, 49) 231
(78, 2) 283
(7, 2) 263
(11, 71) 408
(54, 59) 0
(58, 54) 86
(44, 5) 193
(30, 48) 321
(34, 47) 136
(77, 75) 319
(6, 73) 73
(10, 4) 276
(67, 77) 110
(30, 67) 224
(0, 18) 197
(63, 25) 197
(53, 19) 359
(57, 80) 284
(29, 10) 334
(19, 12) 103
(5, 33) 82
(9, 38) 212
(66, 49) 132
(52, 76) 396
(56, 7) 348
(42, 38) 279
(62, 61) 150
(18, 63) 116
(38, 58) 361
(14, 51) 305
(71, 70) 27
(18, 78) 369
(75, 3) 339
(4, 13) 129
(51, 42) 408
(37, 67) 195
(41, 0) 54
(47, 30) 206
(17, 31) 164
(23, 1) 130
(13, 43) 135
(70, 36) 411
(74, 43) 131
(60, 10) 271
(64, 77) 119
(50, 48) 45
(22, 74) 456
(26, 57) 106
(46, 60) 426
(2, 62) 222
(22, 37) 142
(79, 60) 132
(55, 39) 249
(59, 32) 411
(45, 13) 139
(49, 74) 214
(31, 78) 167
(35, 11) 392
(11, 18) 236
(72, 4) 372
(1, 24) 246
(78, 30) 195
(48, 29) 304
(68, 80) 255
(54, 7) 446
(30, 44) 202
(34, 51) 309
(0, 79) 11
(20, 2) 138
(24, 69) 298
(6, 53) 145
(10, 56) 498
(67, 41) 84
(57, 3) 248
(43, 48) 366
(63, 61) 139
(39, 4) 225
(80, 59) 275
(43, 65) 290
(15, 47) 168
(19, 40) 107
(76, 15) 75
(5, 5) 0
(62, 78) 367
(9, 66) 152
(66, 21) 131
(52, 32) 290
(56, 35) 21
(42, 26) 472
(32, 28) 138
(18, 35) 226
(38, 38) 0
(8, 21) 280
(65, 68) 346
(28, 72) 130
(14, 15) 27
(71, 42) 120
(75, 47) 238
(47, 77) 158
(51, 6) 242
(27, 49) 324
(47, 50) 323
(3, 56) 156
(23, 37) 58
(64, 58) 365
(50, 69) 215
(13, 79) 85
(70, 0) 261
(74, 79) 255
(40, 51) 383
(3, 73) 249
(60, 46) 426
(36, 7) 389
(26, 29) 294
(12, 24) 283
(73, 30) 123
(2, 2) 0
(79, 16) 133
(55, 11) 531
(59, 76) 269
(25, 76) 33
(31, 34) 136
(35, 39) 165
(7, 53) 304
(11, 62) 240
(68, 37) 339
(72, 32) 235
(44, 62) 349
(7, 74) 30
(48, 57) 585
(24, 50) 504
(10, 77) 308
(30, 8) 234
(0, 43) 168
(20, 38) 115
(77, 19) 54
(6, 17) 183
(67, 5) 124
(57, 31) 408
(43, 28) 56
(29, 65) 273
(33, 6) 320
(53, 75) 261
(39, 40) 98
(80, 39) 170
(15, 3) 112
(56, 80) 203
(19, 68) 309
(76, 51) 340
(52, 4) 375
(56, 63) 332
(28, 61) 250
(32, 56) 326
(18, 7) 434
(38, 66) 60
(4, 54) 282
(8, 49) 50
(65, 32) 224
(71, 14) 214
(61, 20) 43
(37, 27) 58
(27, 29) 231
(74, 16) 150
(3, 20) 79
(60, 67) 201
(23, 73) 331
(64, 6) 261
(40, 47) 90
(60, 50) 280
(46, 5) 327
(16, 40) 116
(36, 59) 214
(79, 71) 243
(12, 60) 142
(69, 61) 141
(16, 71) 150
(73, 58) 551
(49, 1) 207
(25, 40) 94
(31, 6) 188
(21, 28) 225
(78, 39) 275
(7, 25) 265
(68, 25) 286
(1, 64) 85
(58, 19) 285
(44, 34) 136
(48, 37) 392
(34, 8) 192
(20, 75) 378
(24, 14) 281
(67, 80) 107
(0, 55) 338
(20, 58) 306
(77, 55) 327
(53, 62) 431
(57, 59) 52
(29, 37) 226
(33, 34) 155
(80, 3) 48
(9, 9) 0
(66, 42) 234
(42, 67) 222
(62, 6) 401
(52, 24) 630
(38, 31) 134
(28, 1) 210
(32, 68) 122
(4, 42) 369
(8, 45) 210
(65, 12) 142
(41, 43) 114
(61, 56) 242
(27, 72) 372
(47, 5) 191
(17, 50) 222
(37, 63) 203
(13, 6) 150
(70, 57) 489
(74, 52) 420
(50, 13) 208
(70, 72) 61
(40, 11) 290
(26, 34) 239
(46, 33) 334
(16, 20) 193
(73, 69) 136
(22, 30) 517
(12, 32) 99
(69, 17) 52
(59, 7) 446
(45, 40) 154
(49, 45) 179
(25, 4) 56
(1, 51) 324
(58, 68) 576
(21, 48) 333
(78, 3) 229
(11, 70) 406
(54, 56) 100
(58, 55) 164
(44, 6) 230
(30, 49) 226
(34, 44) 136
(77, 74) 255
(6, 78) 36
(10, 5) 292
(67, 76) 107
(30, 64) 396
(0, 19) 57
(63, 24) 365
(53, 18) 429
(80, 80) 0
(29, 9) 169
(19, 15) 127
(5, 32) 160
(9, 37) 320
(66, 14) 43
(52, 77) 399
(56, 8) 440
(42, 39) 303
(62, 34) 257
(18, 60) 114
(38, 59) 286
(14, 48) 269
(71, 65) 366
(18, 79) 202
(75, 2) 370
(4, 14) 94
(51, 45) 390
(37, 66) 176
(41, 7) 189
(47, 25) 184
(17, 30) 285
(23, 0) 130
(13, 42) 241
(70, 37) 329
(74, 40) 201
(60, 11) 140
(64, 78) 229
(50, 49) 89
(22, 75) 511
(26, 6) 406
(46, 61) 375
(2, 63) 289
(22, 58) 254
(79, 63) 217
(55, 38) 332
(59, 35) 85
(45, 12) 181
(49, 73) 106
(31, 73) 126
(35, 10) 495
(11, 21) 213
(72, 5) 339
(1, 31) 210
(78, 31) 167
(48, 30) 321
(54, 4) 282
(30, 45) 115
(34, 48) 265
(0, 64) 106
(20, 3) 79
(24, 70) 385
(6, 42) 170
(10, 57) 555
(67, 40) 105
(57, 2) 212
(43, 51) 432
(63, 60) 85
(39, 7) 207
(80, 60) 122
(43, 64) 272
(15, 46) 307
(19, 43) 196
(76, 8) 252
(5, 4) 37
(62, 79) 198
(9, 65) 293
(66, 18) 284
(52, 33) 467
(56, 36) 203
(42, 27) 410
(32, 29) 109
(18, 32) 327
(38, 39) 129
(8, 22) 403
(28, 73) 126
(14, 12) 10
(71, 37) 314
(75, 46) 284
(61, 15) 100
(47, 76) 159
(51, 9) 242
(27, 48) 438
(47, 61) 237
(3, 59) 233
(23, 36) 137
(64, 59) 318
(50, 66) 215
(13, 78) 114
(70, 1) 284
(74, 76) 255
(40, 52) 426
(3, 72) 315
(60, 47) 290
(36, 0) 153
(26, 26) 0
(12, 25) 79
(73, 29) 116
(2, 3) 71
(79, 19) 56
(55, 10) 633
(59, 79) 269
(31, 45) 43
(35, 38) 206
(21, 7) 278
(7, 52) 394
(11, 49) 215
(68, 38) 218
(72, 33) 379
(44, 63) 376
(7, 69) 153
(48, 58) 641
(24, 51) 569
(10, 74) 382
(30, 9) 187
(0, 44) 170
(20, 39) 212
(77, 18) 201
(6, 22) 402
(67, 4) 147
(57, 30) 561
(43, 31) 56
(63, 80) 207
(29, 64) 249
(33, 5) 82
(53, 74) 331
(39, 43) 84
(80, 24) 243
(15, 2) 177
(19, 71) 291
(76, 44) 160
(52, 5) 387
(28, 62) 376
(32, 57) 426
(18, 4) 151
(38, 67) 84
(4, 55) 362
(8, 50) 60
(65, 39) 284
(71, 9) 203
(61, 19) 81
(37, 26) 90
(27, 28) 249
(74, 17) 231
(3, 23) 87
(23, 72) 372
(64, 7) 321
(40, 16) 116
(60, 51) 292
(46, 10) 518
(16, 41) 103
(36, 36) 0
(79, 70) 255
(12, 61) 89
(69, 60) 194
(73, 57) 495
(49, 0) 198
(25, 47) 184
(31, 1) 210
(21, 27) 110
(78, 36) 334
(7, 24) 378
(68, 26) 417
(1, 71) 273
(58, 16) 463
(44, 35) 244
(48, 38) 313
(34, 9) 167
(24, 15) 307
(0, 8) 247
(20, 59) 251
(77, 54) 266
(53, 61) 295
(57, 58) 57
(29, 36) 306
(33, 33) 0
(80, 4) 60
(9, 8) 51
(66, 43) 124
(76, 80) 11
(42, 64) 393
(62, 7) 430
(52, 25) 414
(38, 28) 134
(28, 2) 196
(32, 69) 66
(75, 25) 350
(4, 43) 228
(8, 46) 387
(65, 3) 151
(41, 42) 279
(61, 55) 375
(27, 75) 417
(47, 4) 228
(51, 65) 292
(17, 49) 152
(37, 62) 136
(13, 5) 104
(70, 62) 452
(74, 53) 331
(50, 10) 92
(70, 73) 114
(40, 12) 87
(26, 35) 68
(46, 38) 252
(16, 21) 175
(73, 68) 32
(22, 31) 381
(12, 33) 137
(69, 16) 45
(59, 6) 497
(45, 39) 182
(49, 44) 232
(35, 17) 245
(25, 11) 226
(1, 50) 268
(58, 69) 420
(21, 63) 180
(78, 0) 194
(54, 57) 52
(58, 52) 712
(44, 7) 120
(30, 54) 530
(34, 45) 152
(77, 73) 226
(6, 79) 232
(10, 2) 413
(67, 79) 107
(30, 65) 425
(0, 20) 63
(63, 27) 259
(53, 17) 266
(29, 8) 213
(19, 14) 107
(5, 47) 191
(62, 80) 193
(9, 36) 368
(66, 15) 48
(52, 78) 252
(56, 9) 412
(42, 36) 475
(62, 35) 218
(18, 61) 152
(38, 56) 201
(14, 49) 151
(71, 64) 342
(18, 76) 202
(75, 5) 338
(4, 15) 100
(51, 44) 431
(37, 65) 130
(41, 6) 212
(47, 24) 255
(17, 29) 131
(23, 3) 87
(13, 41) 63
(70, 26) 392
(74, 41) 211
(60, 4) 63
(64, 79) 117
(50, 46) 440
(22, 72) 510
(26, 7) 377
(46, 66) 261
(2, 60) 211
(22, 59) 238
(79, 62) 198
(55, 33) 268
(59, 34) 330
(45, 11) 359
(49, 72) 272
(31, 72) 130
(35, 13) 268
(11, 20) 199
(72, 6) 241
(1, 30) 342
(78, 28) 167
(48, 31) 328
(54, 5) 271
(30, 18) 517
(34, 49) 142
(0, 65) 122
(20, 12) 101
(24, 71) 361
(6, 43) 233
(10, 38) 315
(67, 43) 141
(57, 1) 276
(43, 50) 323
(63, 63) 0
(39, 6) 305
(80, 61) 70
(43, 67) 141
(15, 41) 75
(19, 42) 373
(76, 9) 232
(5, 3) 59
(62, 76) 198
(9, 64) 261
(66, 19) 144
(52, 34) 351
(56, 37) 137
(42, 24) 475
(32, 30) 207
(18, 33) 142
(75, 80) 319
(38, 36) 200
(8, 23) 374
(28, 74) 81
(14, 13) 36
(71, 36) 398
(75, 33) 403
(61, 14) 98
(47, 79) 159
(51, 8) 193
(27, 51) 452
(47, 60) 290
(3, 58) 305
(23, 39) 145
(64, 60) 32
(50, 67) 191
(13, 77) 87
(70, 6) 187
(74, 77) 255
(40, 53) 339
(3, 75) 339
(60, 40) 201
(36, 1) 132
(26, 27) 63
(12, 26) 225
(69, 71) 174
(73, 28) 126
(2, 0) 118
(79, 18) 202
(49, 27) 324
(55, 5) 342
(59, 78) 462
(31, 44) 52
(35, 41) 206
(21, 6) 266
(7, 55) 455
(11, 48) 219
(68, 39) 272
(72, 34) 261
(44, 56) 230
(7, 68) 81
(48, 59) 581
(24, 52) 630
(10, 75) 331
(30, 14) 276
(0, 45) 211
(20, 32) 198
(77, 17) 53
(6, 23) 351
(67, 7) 149
(57, 29) 394
(43, 30) 206
(33, 4) 95
(53, 73) 217
(39, 42) 303
(80, 25) 33
(9, 19) 286
(15, 13) 36
(19, 70) 305
(76, 45) 205
(52, 6) 234
(28, 63) 388
(32, 58) 483
(18, 5) 175
(38, 64) 158
(4, 48) 305
(8, 51) 193
(65, 38) 176
(71, 8) 253
(61, 18) 152
(37, 25) 58
(27, 31) 249
(74, 30) 76
(3, 22) 199
(23, 75) 417
(64, 24) 311
(40, 17) 87
(46, 11) 503
(16, 42) 192
(36, 37) 93
(79, 65) 132
(12, 62) 231
(69, 59) 346
(73, 56) 381
(49, 7) 185
(25, 46) 317
(31, 0) 187
(21, 26) 149
(78, 37) 284
(7, 27) 314
(48, 72) 383
(68, 27) 356
(1, 70) 284
(58, 17) 387
(44, 28) 52
(48, 39) 428
(34, 6) 167
(24, 16) 337
(0, 9) 230
(77, 53) 318
(53, 60) 316
(57, 57) 0
(29, 35) 282
(33, 32) 235
(80, 5) 24
(9, 15) 160
(66, 40) 80
(42, 65) 423
(62, 4) 149
(52, 26) 556
(38, 29) 106
(8, 64) 257
(28, 3) 185
(32, 70) 174
(75, 24) 491
(4, 20) 31
(8, 47) 276
(65, 2) 211
(41, 41) 0
(61, 54) 294
(27, 74) 329
(47, 7) 123
(51, 64) 270
(17, 48) 266
(37, 61) 107
(13, 4) 129
(70, 63) 454
(74, 50) 296
(50, 11) 198
(70, 78) 180
(40, 13) 86
(26, 32) 320
(46, 39) 160
(16, 22) 326
(73, 75) 96
(22, 28) 381
(79, 37) 88
(12, 34) 29
(69, 31) 117
(59, 25) 245
(45, 38) 162
(49, 35) 394
(35, 16) 307
(55, 77) 327
(25, 10) 319
(1, 49) 207
(58, 66) 420
(21, 62) 152
(78, 1) 206
(54, 62) 230
(58, 53) 641
(44, 0) 170
(30, 55) 534
(34, 42) 257
(77, 72) 309
(6, 76) 232
(10, 3) 344
(67, 78) 92
(30, 70) 76
(0, 21) 41
(63, 26) 256
(53, 16) 236
(39, 29) 141
(29, 7) 84
(19, 17) 103
(5, 46) 327
(9, 43) 233
(66, 12) 52
(52, 79) 396
(15, 69) 48
(56, 10) 498
(42, 37) 402
(62, 32) 325
(18, 58) 254
(38, 57) 305
(14, 54) 320
(71, 67) 176
(18, 77) 201
(75, 4) 361
(4, 8) 261
(51, 47) 432
(37, 64) 137
(41, 5) 78
(47, 27) 203
(17, 28) 164
(23, 2) 56
(13, 40) 86
(70, 27) 329
(60, 5) 99
(64, 64) 0
(50, 47) 323
(22, 73) 415
(26, 4) 181
(46, 67) 275
(2, 61) 172
(22, 56) 243
(79, 57) 280
(55, 32) 456
(59, 37) 190
(45, 10) 347
(49, 79) 202
(31, 75) 183
(35, 12) 245
(11, 23) 320
(72, 7) 91
(1, 29) 180
(78, 29) 143
(48, 16) 236
(54, 26) 101
(30, 19) 369
(34, 78) 132
(0, 66) 90
(20, 13) 144
(24, 72) 414
(6, 40) 229
(10, 39) 440
(67, 42) 222
(57, 0) 284
(43, 53) 366
(63, 62) 122
(39, 1) 189
(80, 62) 193
(43, 66) 124
(15, 40) 104
(19, 45) 256
(76, 10) 305
(5, 2) 129
(62, 77) 197
(9, 71) 203
(66, 16) 45
(52, 35) 590
(56, 38) 201
(42, 25) 352
(32, 31) 138
(18, 30) 517
(38, 37) 123
(8, 24) 479
(28, 75) 183
(14, 18) 242
(71, 39) 188
(75, 32) 186
(61, 13) 132
(47, 78) 206
(51, 11) 161
(27, 50) 394
(47, 63) 375
(3, 61) 106
(23, 38) 141
(64, 61) 37
(50, 64) 249
(13, 76) 85
(70, 7) 30
(74, 74) 0
(40, 54) 275
(3, 74) 265
(60, 41) 176
(36, 2) 181
(26, 24) 111
(12, 27) 173
(69, 70) 179
(73, 3) 249
(2, 1) 129
(79, 29) 150
(49, 26) 376
(55, 4) 362
(59, 65) 302
(31, 47) 56
(35, 40) 191
(21, 5) 24
(7, 54) 446
(11, 51) 161
(68, 32) 122
(72, 35) 406
(44, 57) 362
(7, 71) 44
(48, 60) 316
(24, 53) 549
(10, 72) 439
(30, 15) 273
(0, 46) 305
(20, 33) 65
(77, 16) 135
(6, 20) 279
(67, 6) 128
(53, 39) 428
(57, 28) 408
(43, 17) 160
(33, 27) 58
(53, 72) 383
(39, 37) 177
(80, 26) 179
(9, 18) 402
(15, 12) 25
(19, 73) 280
(76, 46) 295
(52, 7) 394
(28, 56) 280
(32, 59) 411
(18, 2) 229
(38, 65) 176
(4, 49) 214
(8, 52) 184
(65, 37) 130
(71, 11) 408
(61, 17) 89
(17, 75) 277
(37, 24) 174
(27, 30) 401
(13, 31) 128
(74, 31) 81
(3, 25) 38
(23, 74) 329
(64, 25) 106
(40, 18) 263
(46, 8) 387
(16, 43) 131
(36, 38) 200
(79, 64) 117
(12, 63) 224
(69, 58) 420
(73, 63) 386
(49, 6) 47
(25, 45) 238
(31, 3) 185
(21, 25) 17
(78, 42) 182
(7, 26) 377
(48, 73) 217
(68, 4) 296
(1, 69) 110
(58, 30) 614
(44, 29) 61
(34, 7) 176
(24, 17) 283
(0, 10) 296
(77, 52) 399
(53, 59) 581
(57, 56) 140
(29, 34) 103
(33, 39) 177
(80, 6) 230
(9, 14) 180
(66, 41) 60
(42, 78) 182
(62, 5) 171
(52, 27) 516
(38, 18) 247
(8, 65) 289
(28, 28) 0
(32, 71) 178
(75, 27) 417
(4, 21) 42
(65, 1) 99
(41, 40) 31
(61, 53) 295
(27, 77) 120
(47, 6) 233
(51, 67) 292
(17, 55) 378
(37, 60) 130
(13, 3) 115
(70, 60) 373
(74, 51) 425
(50, 8) 60
(70, 79) 255
(40, 14) 79
(26, 33) 90
(46, 36) 427
(12, 76) 51
(16, 23) 244
(73, 74) 114
(22, 29) 352
(79, 36) 157
(26, 80) 179
(12, 35) 245
(69, 30) 233
(59, 24) 83
(45, 37) 282
(49, 34) 142
(35, 19) 157
(55, 76) 330
(25, 9) 262
(1, 48) 310
(58, 67) 442
(21, 61) 55
(78, 6) 36
(54, 63) 347
(58, 50) 600
(44, 1) 193
(30, 52) 404
(34, 43) 136
(77, 71) 243
(6, 77) 235
(10, 0) 296
(67, 49) 107
(30, 71) 101
(0, 22) 197
(63, 5) 184
(53, 31) 328
(39, 28) 139
(29, 6) 169
(19, 16) 189
(5, 45) 234
(9, 42) 170
(66, 13) 12
(52, 72) 470
(15, 68) 196
(56, 11) 399
(42, 34) 257
(62, 33) 136
(18, 59) 238
(38, 62) 242
(14, 55) 375
(71, 66) 174
(18, 74) 456
(75, 7) 116
(4, 9) 254
(51, 46) 560
(37, 79) 88
(41, 4) 114
(27, 41) 141
(47, 26) 265
(17, 19) 103
(23, 29) 231
(13, 39) 179
(70, 24) 385
(60, 6) 293
(64, 65) 32
(50, 44) 321
(22, 78) 369
(26, 5) 172
(46, 64) 410
(2, 58) 265
(22, 57) 208
(79, 56) 195
(55, 35) 139
(59, 36) 214
(45, 9) 160
(49, 78) 34
(31, 74) 81
(35, 15) 269
(55, 80) 338
(11, 22) 236
(72, 8) 291
(1, 28) 210
(48, 17) 266
(54, 27) 147
(30, 16) 194
(34, 79) 67
(0, 67) 107
(20, 14) 108
(24, 73) 416
(6, 41) 212
(10, 36) 368
(67, 45) 129
(57, 7) 475
(43, 52) 457
(63, 57) 323
(39, 0) 170
(80, 63) 207
(43, 69) 124
(15, 43) 168
(19, 44) 199
(76, 11) 228
(5, 1) 0
(9, 70) 187
(66, 17) 52
(52, 44) 455
(56, 39) 148
(42, 6) 170
(32, 16) 36
(18, 31) 381
(8, 25) 279
(28, 68) 136
(14, 19) 107
(71, 38) 198
(75, 35) 470
(61, 12) 89
(47, 73) 178
(51, 10) 43
(27, 53) 438
(47, 62) 346
(3, 60) 151
(23, 33) 58
(64, 62) 146
(50, 65) 280
(13, 75) 234
(70, 4) 314
(74, 75) 122
(40, 55) 312
(3, 77) 36
(60, 42) 423
(36, 3) 150
(26, 25) 148
(12, 20) 101
(69, 69) 0
(73, 2) 289
(2, 30) 349
(79, 28) 180
(49, 25) 229
(55, 7) 455
(59, 64) 318
(25, 80) 33
(31, 46) 155
(35, 43) 240
(21, 4) 42
(7, 49) 185
(11, 50) 198
(68, 33) 339
(72, 36) 464
(44, 58) 413
(7, 70) 30
(48, 61) 295
(24, 54) 83
(10, 73) 270
(30, 12) 285
(0, 47) 168
(20, 34) 127
(77, 15) 78
(6, 21) 266
(67, 9) 128
(53, 38) 313
(57, 35) 122
(43, 16) 131
(33, 26) 90
(39, 36) 270
(80, 27) 130
(9, 17) 183
(15, 15) 0
(19, 72) 357
(76, 47) 159
(52, 0) 388
(28, 57) 408
(32, 60) 224
(18, 3) 199
(38, 70) 211
(4, 50) 264
(8, 53) 94
(65, 36) 97
(71, 10) 394
(41, 51) 353
(61, 16) 179
(17, 74) 231
(37, 7) 310
(27, 17) 173
(13, 30) 241
(74, 28) 81
(3, 24) 196
(23, 69) 201
(64, 26) 217
(40, 19) 107
(46, 9) 337
(16, 44) 130
(36, 39) 270
(79, 67) 107
(12, 56) 243
(69, 57) 363
(73, 62) 413
(49, 5) 207
(25, 44) 186
(31, 2) 196
(1, 43) 191
(21, 24) 227
(78, 43) 206
(7, 21) 278
(48, 74) 331
(68, 5) 274
(72, 64) 407
(54, 80) 275
(1, 68) 274
(58, 31) 461
(44, 30) 202
(34, 4) 113
(24, 18) 269
(0, 11) 217
(77, 51) 343
(53, 58) 641
(57, 63) 323
(29, 33) 226
(33, 38) 123
(80, 7) 237
(9, 13) 150
(66, 38) 60
(42, 79) 319
(62, 10) 383
(38, 19) 95
(8, 66) 181
(28, 29) 34
(75, 26) 479
(4, 22) 151
(65, 0) 122
(41, 47) 114
(61, 52) 365
(27, 76) 123
(47, 1) 191
(51, 66) 312
(17, 54) 319
(37, 59) 190
(13, 2) 170
(70, 61) 319
(74, 48) 331
(50, 9) 110
(70, 76) 255
(40, 15) 104
(26, 46) 361
(46, 37) 334
(12, 77) 53
(16, 8) 150
(73, 73) 0
(22, 18) 0
(79, 39) 159
(69, 29) 83
(59, 27) 147
(45, 36) 362
(49, 33) 287
(35, 18) 226
(55, 79) 330
(25, 8) 279
(1, 55) 342
(58, 64) 365
(21, 60) 96
(78, 7) 151
(54, 60) 302
(58, 51) 634
(44, 2) 152
(30, 53) 321
(34, 40) 75
(77, 70) 255
(6, 66) 152
(10, 1) 292
(67, 48) 236
(30, 68) 94
(0, 23) 130
(63, 4) 147
(53, 30) 321
(39, 31) 139
(29, 5) 180
(19, 19) 0
(5, 44) 193
(9, 41) 212
(66, 10) 272
(52, 73) 307
(15, 71) 221
(56, 12) 243
(42, 35) 458
(62, 38) 242
(18, 56) 243
(38, 63) 261
(14, 52) 352
(71, 61) 312
(18, 75) 511
(75, 6) 140
(4, 10) 276
(51, 49) 211
(37, 78) 284
(41, 11) 259
(27, 40) 134
(47, 37) 214
(17, 18) 234
(23, 28) 249
(13, 38) 63
(70, 25) 287
(3, 80) 48
(60, 7) 347
(64, 66) 169
(50, 45) 265
(22, 79) 202
(26, 2) 117
(46, 65) 426
(2, 59) 185
(22, 62) 8
(79, 59) 269
(55, 34) 380
(59, 39) 248
(45, 8) 210
(49, 77) 205
(31, 53) 328
(35, 14) 244
(11, 9) 262
(72, 9) 241
(1, 19) 49
(21, 80) 41
(48, 18) 429
(54, 24) 83
(30, 17) 285
(34, 76) 67
(0, 68) 255
(20, 15) 120
(24, 74) 385
(6, 46) 337
(10, 37) 370
(67, 44) 140
(57, 6) 512
(43, 55) 332
(63, 56) 332
(39, 3) 133
(80, 48) 308
(43, 68) 190
(15, 42) 271
(19, 47) 196
(76, 4) 70
(5, 0) 24
(9, 69) 152
(52, 45) 394
(56, 40) 184
(42, 7) 97
(32, 17) 99
(18, 28) 381
(8, 26) 426
(28, 69) 117
(14, 16) 85
(71, 33) 314
(75, 34) 252
(61, 11) 159
(47, 72) 169
(51, 13) 302
(27, 52) 516
(47, 57) 359
(3, 63) 234
(23, 32) 265
(64, 63) 107
(13, 74) 189
(70, 5) 284
(74, 72) 61
(40, 56) 184
(3, 76) 39
(60, 43) 290
(36, 12) 193
(12, 21) 85
(69, 68) 165
(16, 80) 134
(73, 1) 243
(2, 31) 196
(79, 31) 180
(49, 24) 429
(55, 6) 540
(59, 67) 370
(31, 41) 134
(35, 42) 458
(21, 3) 55
(7, 48) 304
(11, 53) 219
(68, 34) 188
(72, 37) 379
(44, 59) 329
(7, 65) 347
(48, 62) 431
(24, 55) 96
(30, 13) 241
(34, 80) 67
(0, 32) 145
(20, 35) 194
(77, 14) 55
(6, 10) 199
(67, 8) 157
(53, 37) 392
(57, 34) 345
(43, 19) 196
(33, 25) 58
(39, 39) 0
(80, 28) 187
(9, 16) 113
(15, 14) 27
(19, 75) 373
(76, 40) 70
(52, 1) 387
(28, 58) 461
(32, 61) 176
(18, 0) 197
(38, 71) 198
(4, 51) 305
(8, 54) 520
(65, 59) 302
(71, 5) 273
(41, 50) 268
(61, 47) 237
(17, 73) 182
(37, 6) 320
(41, 67) 84
(27, 16) 244
(13, 29) 94
(74, 29) 105
(3, 27) 87
(23, 68) 356
(64, 27) 195
(40, 20) 136
(46, 14) 290
(16, 45) 101
(36, 32) 290
(79, 66) 88
(12, 57) 330
(69, 56) 260
(73, 61) 265
(45, 63) 404
(49, 4) 214
(25, 51) 351
(45, 80) 211
(31, 13) 128
(1, 42) 343
(21, 39) 188
(78, 40) 195
(7, 20) 300
(48, 75) 261
(68, 6) 93
(72, 65) 432
(58, 28) 461
(44, 31) 52
(34, 5) 86
(20, 80) 63
(24, 19) 200
(0, 12) 47
(77, 50) 274
(53, 57) 585
(57, 62) 201
(29, 32) 109
(33, 37) 0
(5, 55) 342
(9, 12) 183
(66, 39) 170
(76, 76) 0
(42, 76) 319
(62, 11) 240
(38, 16) 103
(8, 67) 157
(28, 30) 153
(75, 29) 188
(4, 23) 150
(65, 7) 347
(41, 46) 252
(61, 51) 293
(27, 79) 123
(47, 0) 168
(51, 69) 312
(17, 53) 266
(37, 58) 251
(13, 1) 104
(70, 50) 296
(74, 49) 214
(50, 6) 110
(70, 77) 255
(26, 47) 265
(46, 42) 248
(12, 78) 147
(16, 9) 113
(73, 72) 169
(36, 68) 406
(22, 19) 156
(79, 38) 46
(69, 28) 117
(59, 26) 101
(45, 35) 333
(49, 32) 69
(31, 80) 187
(35, 21) 184
(55, 78) 506
(25, 15) 103
(1, 54) 271
(58, 65) 342
(21, 59) 249
(78, 4) 220
(54, 61) 294
(58, 48) 641
(44, 3) 156
(30, 58) 614
(34, 41) 48
(77, 69) 90
(6, 67) 128
(10, 14) 267
(67, 51) 292
(30, 69) 233
(63, 7) 427
(33, 80) 91
(53, 29) 304
(39, 30) 288
(29, 4) 212
(19, 18) 156
(5, 43) 191
(9, 40) 229
(66, 11) 242
(52, 74) 420
(15, 70) 225
(56, 13) 264
(42, 32) 201
(62, 39) 312
(18, 57) 208
(38, 60) 176
(14, 53) 269
(71, 60) 366
(18, 72) 510
(75, 57) 581
(4, 11) 172
(51, 48) 116
(37, 77) 86
(41, 10) 315
(27, 43) 203
(47, 36) 303
(17, 17) 0
(23, 31) 249
(13, 37) 173
(70, 30) 76
(60, 0) 122
(64, 67) 172
(50, 42) 275
(22, 76) 202
(26, 3) 143
(46, 70) 164
(2, 56) 94
(22, 63) 116
(79, 58) 337
(55, 61) 375
(59, 38) 286
(45, 7) 28
(49, 76) 202
(31, 52) 419
(35, 49) 394
(11, 8) 235
(72, 10) 439
(1, 18) 175
(44, 80) 170
(48, 19) 359
(54, 25) 245
(30, 22) 517
(34, 77) 69
(0, 69) 90
(20, 8) 289
(24, 75) 491
(6, 47) 233
(10, 34) 270
(67, 47) 141
(57, 5) 276
(43, 54) 325
(63, 59) 347
(39, 2) 91
(80, 49) 198
(43, 71) 108
(15, 53) 242
(19, 46) 324
(76, 5) 33
(5, 15) 82
(9, 68) 93
(52, 46) 571
(56, 41) 201
(42, 4) 369
(32, 18) 327
(18, 29) 352
(8, 27) 374
(28, 70) 81
(14, 17) 10
(71, 32) 178
(75, 37) 403
(61, 10) 265
(47, 75) 238
(51, 12) 299
(27, 55) 213
(47, 56) 226
(3, 62) 193
(23, 35) 74
(64, 48) 286
(13, 73) 140
(74, 73) 114
(40, 57) 298
(3, 79) 39
(60, 36) 97
(36, 13) 236
(12, 22) 234
(69, 67) 25
(73, 0) 225
(2, 28) 196
(79, 30) 316
(49, 31) 199
(55, 1) 342
(59, 66) 346
(31, 40) 121
(35, 45) 333
(21, 2) 118
(7, 51) 396
(11, 52) 255
(68, 35) 413
(72, 38) 264
(54, 74) 456
(44, 52) 455
(7, 64) 321
(48, 63) 345
(24, 56) 40
(0, 33) 91
(20, 44) 228
(77, 13) 87
(6, 11) 262
(67, 11) 233
(53, 36) 409
(57, 33) 194
(43, 18) 352
(33, 24) 174
(39, 38) 129
(80, 29) 157
(9, 23) 351
(15, 9) 160
(19, 74) 305
(76, 41) 46
(52, 2) 502
(28, 59) 378
(32, 62) 325
(14, 66) 43
(18, 1) 175
(38, 68) 218
(4, 60) 63
(8, 55) 572
(65, 58) 342
(71, 4) 306
(41, 49) 190
(61, 46) 375
(17, 72) 290
(37, 5) 82
(41, 66) 60
(27, 19) 83
(13, 28) 128
(74, 26) 392
(3, 26) 143
(23, 71) 310
(64, 28) 282
(40, 21) 111
(46, 15) 307
(16, 46) 258
(36, 33) 93
(79, 77) 3
(12, 58) 387
(69, 39) 170
(73, 60) 314
(45, 62) 403
(49, 59) 471
(25, 50) 293
(45, 79) 205
(31, 12) 164
(1, 41) 78
(21, 38) 91
(78, 41) 176
(7, 23) 314
(48, 76) 315
(11, 80) 217
(68, 7) 81
(72, 66) 238
(58, 29) 447
(44, 24) 259
(34, 2) 155
(24, 20) 239
(0, 13) 85
(77, 49) 205
(33, 75) 403
(53, 56) 509
(57, 61) 291
(29, 63) 355
(33, 36) 93
(5, 54) 271
(9, 51) 242
(66, 36) 242
(76, 77) 3
(42, 77) 320
(5, 71) 273
(62, 8) 403
(38, 17) 56
(8, 68) 142
(28, 31) 0
(75, 28) 183
(4, 16) 177
(65, 6) 293
(41, 45) 162
(61, 50) 255
(27, 78) 315
(47, 3) 153
(51, 68) 335
(17, 52) 349
(37, 57) 194
(13, 0) 85
(70, 51) 425
(74, 62) 452
(50, 7) 268
(70, 66) 179
(26, 44) 269
(46, 43) 140
(12, 79) 51
(16, 10) 261
(73, 79) 224
(36, 69) 242
(22, 16) 326
(79, 33) 88
(69, 27) 201
(59, 29) 367
(45, 34) 152
(49, 39) 298
(35, 20) 194
(55, 73) 502
(25, 14) 83
(1, 53) 310
(58, 78) 533
(21, 58) 309
(78, 5) 206
(54, 50) 538
(58, 49) 538
(30, 59) 530
(34, 38) 48
(77, 68) 255
(6, 64) 261
(10, 15) 241
(67, 50) 191
(30, 74) 76
(63, 6) 353
(53, 28) 328
(39, 25) 171
(29, 3) 161
(19, 21) 27
(5, 42) 343
(9, 47) 233
(66, 8) 181
(52, 75) 340
(15, 65) 152
(56, 14) 241
(42, 33) 402
(62, 36) 43
(18, 54) 238
(38, 61) 123
(14, 58) 389
(71, 63) 448
(18, 73) 415
(75, 56) 459
(51, 51) 0
(37, 76) 88
(41, 9) 212
(27, 42) 410
(47, 39) 84
(17, 16) 93
(23, 30) 401
(13, 36) 236
(70, 31) 81
(60, 1) 99
(64, 68) 316
(50, 43) 323
(22, 77) 201
(26, 0) 179
(46, 71) 140
(2, 57) 212
(22, 60) 114
(79, 5) 33
(55, 60) 394
(59, 57) 52
(45, 6) 160
(49, 67) 107
(31, 55) 388
(35, 48) 510
(11, 11) 0
(72, 11) 467
(1, 17) 61
(48, 20) 335
(54, 30) 530
(10, 80) 296
(30, 23) 401
(34, 74) 202
(0, 70) 261
(20, 9) 279
(24, 76) 234
(6, 44) 230
(10, 35) 495
(67, 46) 275
(57, 4) 281
(43, 41) 114
(63, 58) 370
(39, 61) 237
(80, 50) 264
(43, 70) 131
(15, 52) 325
(19, 49) 253
(76, 6) 232
(5, 14) 68
(9, 75) 140
(52, 47) 457
(56, 42) 445
(42, 5) 343
(32, 19) 201
(18, 26) 158
(8, 28) 236
(28, 71) 64
(14, 22) 242
(71, 35) 348
(75, 36) 470
(61, 9) 251
(47, 74) 131
(51, 15) 279
(27, 54) 147
(47, 59) 325
(3, 33) 65
(23, 34) 184
(64, 49) 216
(13, 72) 249
(40, 58) 353
(3, 78) 229
(60, 37) 130
(36, 14) 200
(12, 23) 173
(69, 66) 0
(73, 7) 87
(2, 29) 182
(79, 25) 33
(49, 30) 226
(55, 0) 338
(59, 69) 346
(31, 43) 56
(35, 44) 244
(21, 1) 24
(7, 50) 268
(11, 55) 531
(68, 44) 187
(72, 39) 242
(54, 75) 555
(58, 6) 569
(44, 53) 364
(7, 67) 149
(48, 48) 0
(24, 57) 132
(0, 34) 67
(20, 45) 274
(77, 12) 53
(6, 8) 51
(67, 10) 251
(53, 35) 510
(57, 32) 426
(39, 80) 170
(43, 21) 201
(33, 31) 250
(39, 33) 177
(80, 30) 320
(9, 22) 402
(15, 8) 177
(19, 77) 54
(76, 42) 319
(52, 3) 435
(28, 52) 419
(32, 63) 296
(14, 67) 57
(38, 69) 60
(4, 61) 13
(8, 56) 440
(65, 57) 288
(71, 7) 44
(41, 48) 313
(61, 45) 269
(17, 79) 51
(37, 4) 95
(41, 65) 176
(27, 18) 183
(13, 27) 201
(74, 27) 329
(3, 29) 161
(23, 70) 329
(64, 29) 249
(40, 22) 263
(46, 12) 300
(16, 47) 131
(36, 34) 218
(2, 78) 283
(79, 76) 0
(12, 59) 319
(69, 38) 60
(73, 35) 390
(45, 61) 269
(49, 58) 538
(25, 49) 229
(45, 78) 146
(31, 15) 164
(1, 40) 102
(21, 37) 59
(78, 46) 320
(7, 22) 434
(48, 77) 318
(68, 0) 255
(72, 67) 238
(58, 26) 163
(44, 25) 186
(34, 3) 97
(24, 21) 227
(0, 14) 50
(77, 48) 318
(33, 74) 329
(53, 7) 304
(57, 60) 288
(29, 62) 348
(33, 59) 190
(5, 53) 310
(9, 50) 110
(66, 37) 176
(76, 78) 196
(42, 74) 93
(5, 70) 284
(62, 9) 401
(38, 22) 247
(8, 69) 181
(28, 24) 310
(75, 31) 183
(4, 17) 85
(65, 5) 99
(41, 44) 116
(61, 49) 210
(27, 65) 188
(47, 2) 148
(51, 71) 437
(17, 43) 160
(37, 56) 137
(13, 63) 265
(70, 48) 331
(74, 63) 454
(50, 4) 264
(70, 67) 178
(26, 45) 349
(46, 40) 225
(12, 72) 290
(16, 11) 258
(73, 78) 72
(36, 70) 411
(22, 17) 234
(79, 32) 147
(69, 26) 258
(59, 28) 378
(45, 33) 282
(49, 38) 190
(35, 23) 74
(55, 72) 479
(25, 13) 117
(72, 16) 210
(1, 52) 387
(58, 79) 337
(21, 57) 252
(78, 10) 202
(54, 51) 587
(58, 62) 248
(30, 56) 432
(34, 39) 171
(77, 67) 110
(6, 65) 293
(10, 12) 262
(67, 53) 236
(30, 75) 68
(63, 1) 184
(53, 27) 438
(39, 24) 174
(29, 2) 182
(19, 20) 43
(5, 41) 78
(9, 46) 337
(66, 9) 152
(15, 64) 124
(56, 15) 268
(42, 46) 248
(62, 37) 136
(32, 8) 116
(18, 55) 347
(38, 50) 268
(14, 59) 320
(71, 62) 440
(18, 70) 456
(75, 59) 555
(51, 50) 133
(37, 75) 403
(41, 8) 240
(27, 45) 286
(47, 38) 114
(17, 23) 173
(23, 25) 103
(13, 35) 268
(70, 28) 81
(60, 2) 211
(64, 69) 169
(50, 40) 294
(22, 66) 284
(26, 1) 172
(46, 68) 264
(2, 54) 185
(22, 61) 152
(79, 4) 70
(55, 63) 450
(59, 56) 100
(45, 5) 234
(49, 66) 132
(31, 54) 378
(35, 51) 526
(11, 10) 151
(72, 12) 290
(1, 16) 153
(48, 21) 333
(54, 31) 378
(30, 20) 383
(34, 75) 252
(0, 71) 250
(20, 10) 307
(24, 77) 231
(6, 45) 160
(10, 32) 225
(67, 17) 63
(57, 11) 427
(43, 40) 90
(63, 37) 203
(39, 60) 284
(80, 51) 330
(15, 55) 402
(19, 48) 359
(76, 7) 232
(5, 13) 104
(9, 74) 187
(52, 40) 426
(56, 43) 226
(42, 2) 360
(32, 20) 198
(18, 27) 183
(8, 29) 213
(28, 64) 282
(14, 23) 174
(71, 34) 195
(75, 39) 322
(61, 8) 255
(51, 14) 305
(27, 9) 351
(47, 58) 409
(3, 32) 178
(23, 61) 163
(64, 50) 249
(13, 71) 185
(40, 59) 275
(60, 38) 176
(36, 15) 212
(12, 16) 93
(69, 65) 194
(73, 6) 73
(2, 26) 117
(79, 24) 234
(49, 29) 173
(55, 3) 291
(59, 68) 497
(31, 42) 165
(35, 47) 240
(21, 0) 41
(7, 45) 28
(11, 54) 441
(68, 45) 95
(72, 40) 250
(54, 72) 490
(58, 7) 528
(78, 66) 116
(44, 54) 329
(7, 66) 153
(48, 49) 132
(24, 58) 167
(0, 35) 202
(20, 46) 359
(77, 11) 231
(6, 9) 0
(67, 13) 23
(53, 34) 265
(57, 39) 286
(43, 20) 226
(33, 30) 396
(39, 32) 229
(80, 31) 187
(9, 21) 266
(15, 11) 196
(19, 76) 56
(76, 43) 159
(62, 18) 8
(52, 12) 349
(28, 53) 328
(32, 48) 200
(14, 64) 128
(4, 62) 149
(8, 57) 531
(65, 56) 266
(71, 6) 203
(41, 55) 332
(61, 44) 238
(17, 78) 147
(37, 3) 65
(41, 64) 158
(27, 21) 110
(13, 26) 257
(74, 24) 385
(3, 28) 185
(23, 65) 188
(64, 30) 396
(40, 23) 134
(46, 13) 273
(16, 32) 36
(36, 35) 188
(2, 79) 108
(22, 10) 380
(79, 79) 0
(12, 52) 349
(69, 37) 176
(73, 34) 158
(45, 60) 323
(49, 57) 481
(25, 48) 336
(45, 77) 206
(31, 14) 154
(1, 47) 191
(21, 36) 112
(78, 47) 206
(7, 17) 205
(48, 78) 161
(68, 1) 274
(72, 68) 150
(58, 27) 220
(44, 26) 269
(34, 0) 67
(24, 22) 269
(0, 15) 71
(77, 47) 158
(33, 73) 312
(53, 6) 145
(57, 67) 386
(29, 61) 218
(33, 58) 251
(5, 52) 387
(9, 49) 47
(66, 34) 24
(76, 79) 0
(42, 75) 43
(5, 69) 110
(62, 14) 239
(38, 23) 141
(8, 70) 238
(28, 25) 210
(75, 30) 68
(4, 18) 151
(65, 4) 63
(41, 19) 95
(61, 48) 295
(27, 64) 195
(47, 13) 135
(51, 70) 425
(17, 42) 285
(37, 39) 177
(13, 62) 274
(70, 49) 214
(74, 60) 373
(50, 5) 268
(70, 64) 348
(26, 42) 472
(46, 41) 252
(12, 73) 182
(16, 12) 93
(73, 77) 226
(36, 71) 398
(22, 22) 0
(79, 35) 195
(69, 25) 121
(59, 31) 378
(45, 32) 129
(49, 37) 287
(35, 22) 226
(55, 75) 570
(25, 12) 79
(72, 17) 290
(1, 11) 202
(58, 76) 337
(21, 56) 189
(78, 11) 243
(54, 48) 581
(58, 63) 370
(30, 57) 561
(34, 36) 218
(77, 66) 90
(6, 70) 187
(10, 13) 262
(67, 52) 324
(30, 72) 79
(63, 0) 207
(53, 26) 482
(39, 27) 145
(80, 72) 316
(29, 1) 180
(19, 23) 83
(76, 28) 180
(5, 40) 102
(9, 45) 160
(66, 6) 152
(15, 67) 49
(56, 16) 300
(42, 47) 220
(62, 42) 514
(32, 9) 86
(18, 52) 484
(38, 51) 353
(14, 56) 241
(71, 57) 467
(18, 71) 444
(75, 58) 635
(51, 53) 116
(37, 74) 329
(41, 15) 75
(27, 44) 206
(47, 33) 214
(17, 22) 234
(23, 24) 117
(13, 34) 18
(70, 29) 105
(74, 80) 261
(40, 64) 186
(60, 3) 151
(64, 70) 348
(50, 41) 268
(36, 20) 92
(22, 67) 297
(26, 14) 227
(46, 69) 261
(2, 55) 225
(22, 50) 394
(79, 7) 232
(55, 62) 339
(59, 59) 0
(45, 4) 264
(49, 65) 248
(31, 49) 199
(35, 50) 466
(11, 13) 231
(72, 13) 249
(1, 23) 130
(48, 22) 429
(54, 28) 378
(30, 21) 361
(34, 72) 261
(20, 11) 199
(24, 78) 414
(6, 34) 167
(10, 33) 370
(67, 16) 30
(57, 10) 555
(43, 43) 0
(63, 36) 134
(39, 63) 367
(80, 52) 388
(15, 54) 344
(19, 51) 369
(76, 0) 11
(5, 12) 61
(9, 73) 73
(52, 41) 399
(56, 44) 230
(42, 3) 337
(32, 21) 183
(18, 24) 269
(75, 73) 96
(8, 30) 234
(28, 65) 305
(14, 20) 108
(71, 29) 94
(75, 38) 281
(61, 7) 294
(51, 17) 299
(27, 8) 374
(3, 35) 157
(23, 60) 188
(64, 51) 270
(13, 70) 189
(40, 60) 201
(60, 39) 284
(36, 8) 373
(12, 17) 0
(69, 64) 169
(73, 5) 243
(2, 27) 56
(79, 27) 123
(49, 28) 199
(35, 65) 256
(55, 2) 225
(59, 71) 433
(31, 21) 225
(35, 46) 314
(21, 15) 106
(7, 44) 120
(11, 41) 259
(68, 46) 264
(72, 41) 264
(54, 73) 474
(58, 4) 337
(78, 67) 92
(44, 55) 336
(48, 50) 45
(24, 59) 83
(0, 36) 153
(20, 47) 226
(77, 10) 308
(6, 14) 180
(67, 12) 63
(53, 33) 392
(57, 38) 305
(43, 23) 203
(33, 29) 226
(39, 35) 165
(80, 16) 134
(9, 20) 279
(15, 10) 241
(19, 79) 56
(76, 36) 157
(62, 19) 150
(66, 78) 116
(52, 13) 340
(28, 54) 378
(32, 49) 69
(14, 65) 152
(4, 63) 147
(8, 58) 588
(65, 63) 85
(71, 1) 273
(41, 54) 286
(61, 43) 237
(17, 77) 53
(37, 2) 89
(41, 71) 198
(27, 20) 122
(13, 25) 117
(74, 25) 287
(3, 31) 185
(23, 64) 195
(64, 31) 282
(50, 30) 294
(40, 24) 221
(46, 18) 476
(16, 33) 221
(73, 80) 225
(36, 44) 306
(2, 76) 108
(22, 11) 236
(79, 78) 196
(26, 70) 392
(12, 53) 266
(69, 36) 242
(73, 33) 312
(45, 59) 418
(49, 56) 390
(25, 55) 315
(45, 76) 205
(31, 9) 188
(1, 46) 327
(21, 35) 184
(78, 44) 204
(7, 16) 121
(48, 79) 315
(68, 2) 312
(72, 69) 238
(58, 24) 167
(44, 27) 206
(34, 1) 86
(24, 23) 117
(10, 22) 380
(0, 0) 0
(77, 46) 293
(33, 72) 379
(53, 5) 310
(57, 66) 363
(29, 60) 273
(33, 57) 194
(5, 51) 324
(9, 48) 145
(66, 35) 266
(76, 72) 309
(42, 72) 105
(5, 68) 274
(62, 15) 248
(38, 20) 115
(8, 71) 253
(28, 26) 311
(75, 17) 277
(4, 19) 68
(65, 27) 188
(41, 18) 247
(61, 79) 80
(27, 67) 224
(47, 12) 160
(51, 73) 313
(17, 41) 56
(37, 38) 123
(13, 61) 132
(70, 54) 456
(74, 61) 319
(50, 2) 374
(70, 65) 373
(26, 43) 265
(46, 46) 0
(12, 74) 231
(16, 13) 49
(73, 76) 224
(36, 64) 124
(2, 80) 118
(22, 23) 183
(79, 34) 67
(69, 24) 298
(59, 30) 530
(45, 31) 43
(49, 36) 328
(35, 25) 177
(55, 74) 458
(25, 19) 24
(72, 18) 510
(1, 10) 292
(58, 77) 335
(21, 71) 288
(78, 8) 70
(54, 49) 471
(58, 60) 342
(30, 62) 513
(34, 37) 155
(77, 65) 133
(6, 71) 203
(10, 10) 0
(67, 55) 415
(30, 73) 123
(63, 3) 234
(53, 25) 336
(39, 26) 202
(80, 73) 225
(29, 0) 157
(19, 22) 156
(76, 29) 150
(5, 23) 130
(9, 44) 230
(66, 7) 153
(15, 66) 48
(56, 17) 243
(42, 44) 216
(62, 43) 346
(32, 10) 225
(18, 53) 429
(38, 48) 313
(14, 57) 332
(71, 56) 334
(18, 68) 446
(75, 61) 361
(51, 52) 101
(37, 73) 312
(41, 14) 49
(27, 47) 203
(47, 32) 167
(17, 21) 85
(23, 27) 0
(64, 40) 186
(13, 33) 173
(70, 18) 456
(40, 65) 201
(60, 28) 305
(64, 71) 342
(50, 38) 268
(36, 21) 112
(22, 64) 146
(26, 15) 249
(46, 74) 164
(2, 52) 502
(22, 51) 396
(79, 6) 232
(55, 57) 162
(59, 58) 86
(45, 3) 217
(49, 64) 216
(31, 48) 328
(35, 53) 510
(11, 12) 205
(72, 14) 280
(1, 22) 175
(44, 76) 160
(48, 23) 438
(54, 29) 367
(24, 32) 364
(30, 26) 463
(34, 73) 158
(20, 20) 0
(24, 79) 234
(6, 35) 417
(10, 46) 518
(67, 19) 163
(57, 9) 512
(43, 42) 220
(63, 39) 367
(39, 62) 312
(80, 53) 308
(15, 49) 127
(19, 50) 316
(76, 1) 33
(5, 11) 202
(9, 72) 241
(52, 42) 381
(56, 45) 321
(42, 0) 323
(32, 22) 327
(18, 25) 171
(75, 72) 146
(4, 68) 296
(8, 31) 236
(28, 66) 117
(14, 21) 90
(71, 28) 64
(61, 6) 251
(51, 16) 303
(27, 11) 320
(3, 34) 97
(23, 63) 259
(64, 52) 349
(13, 69) 12
(40, 61) 150
(60, 32) 224
(36, 9) 368
(12, 18) 234
(69, 79) 88
(73, 4) 265
(2, 24) 132
(79, 26) 175
(49, 19) 253
(35, 64) 266
(55, 29) 387
(59, 70) 456
(31, 20) 249
(21, 14) 90
(7, 47) 123
(11, 40) 290
(68, 47) 190
(72, 42) 105
(54, 78) 462
(58, 5) 333
(78, 64) 229
(44, 48) 364
(48, 51) 116
(24, 60) 302
(0, 37) 91
(20, 40) 136
(77, 9) 235
(6, 15) 160
(67, 15) 49
(53, 32) 200
(57, 37) 194
(39, 77) 156
(43, 22) 352
(33, 28) 250
(39, 34) 171
(80, 17) 47
(9, 27) 351
(15, 21) 106
(19, 78) 250
(76, 37) 88
(62, 16) 323
(66, 79) 88
(52, 14) 352
(28, 55) 388
(32, 50) 156
(14, 70) 221
(4, 56) 229
(8, 59) 520
(65, 62) 115
(71, 0) 250
(41, 53) 313
(61, 42) 371
(17, 76) 51
(37, 1) 82
(41, 70) 211
(27, 23) 0
(13, 24) 302
(74, 6) 187
(3, 30) 331
(23, 67) 224
(64, 16) 202
(50, 31) 287
(40, 25) 94
(46, 19) 324
(16, 34) 67
(36, 45) 362
(2, 77) 105
(22, 8) 403
(79, 73) 224
(26, 71) 372
(12, 54) 319
(69, 35) 266
(73, 32) 90
(45, 58) 501
(49, 63) 307
(25, 54) 245
(45, 75) 140
(31, 8) 236
(1, 45) 234
(21, 34) 108
(78, 45) 146
(7, 19) 284
(48, 64) 286
(68, 3) 276
(72, 70) 61
(54, 42) 543
(58, 25) 309
(44, 20) 228
(34, 30) 257
(24, 24) 0
(10, 23) 422
(0, 1) 24
(77, 45) 206
(33, 79) 88
(53, 4) 305
(57, 65) 288
(29, 59) 367
(33, 56) 137
(5, 50) 268
(9, 55) 540
(66, 32) 66
(76, 73) 224
(42, 73) 112
(5, 67) 124
(62, 12) 231
(38, 21) 91
(8, 72) 291
(28, 27) 249
(14, 34) 20
(75, 16) 185
(4, 28) 244
(65, 26) 202
(41, 17) 56
(61, 78) 217
(27, 66) 201
(47, 15) 168
(51, 72) 482
(17, 40) 87
(37, 37) 0
(13, 60) 185
(70, 55) 458
(74, 58) 540
(50, 3) 309
(70, 70) 0
(26, 40) 196
(46, 47) 140
(12, 75) 277
(16, 14) 85
(36, 65) 97
(22, 20) 134
(79, 45) 205
(69, 7) 153
(59, 17) 319
(45, 30) 115
(35, 24) 46
(55, 69) 391
(25, 18) 171
(72, 19) 357
(1, 9) 242
(58, 74) 540
(21, 70) 300
(78, 9) 36
(54, 54) 0
(58, 61) 347
(30, 63) 502
(34, 34) 0
(77, 64) 119
(6, 68) 93
(10, 11) 151
(67, 54) 370
(30, 78) 195
(63, 2) 289
(53, 24) 549
(39, 21) 188
(80, 74) 261
(29, 31) 34
(19, 25) 24
(76, 30) 316
(5, 22) 175
(66, 4) 137
(15, 77) 78
(56, 18) 243
(42, 45) 125
(62, 40) 257
(32, 11) 233
(18, 50) 394
(38, 49) 190
(14, 62) 239
(71, 59) 433
(18, 69) 284
(75, 60) 410
(51, 55) 665
(37, 72) 379
(41, 13) 63
(27, 46) 305
(47, 35) 240
(17, 20) 101
(23, 26) 63
(64, 41) 158
(13, 32) 64
(70, 19) 305
(40, 66) 80
(60, 29) 273
(50, 39) 384
(36, 22) 49
(22, 65) 114
(26, 12) 225
(46, 75) 284
(2, 53) 419
(22, 48) 429
(79, 1) 33
(55, 56) 135
(59, 61) 294
(45, 2) 236
(49, 71) 226
(31, 51) 405
(35, 52) 590
(11, 15) 196
(68, 52) 320
(72, 15) 285
(1, 21) 24
(44, 77) 160
(48, 8) 94
(54, 18) 238
(24, 33) 174
(30, 27) 401
(34, 70) 202
(20, 21) 25
(24, 80) 243
(6, 32) 86
(10, 47) 391
(67, 18) 297
(57, 8) 531
(43, 45) 98
(63, 38) 261
(39, 57) 286
(80, 54) 275
(15, 48) 242
(19, 53) 359
(76, 2) 108
(5, 10) 292
(9, 79) 232
(52, 43) 457
(56, 46) 294
(42, 1) 343
(28, 44) 52
(32, 23) 265
(18, 22) 0
(75, 75) 0
(4, 69) 137
(8, 0) 247
(28, 67) 124
(14, 26) 227
(71, 31) 64
(61, 5) 48
(51, 19) 369
(27, 10) 422
(3, 37) 65
(23, 62) 175
(64, 53) 286
(13, 68) 170
(40, 62) 257
(60, 33) 130
(36, 10) 368
(12, 19) 103
(69, 78) 116
(73, 11) 314
(2, 25) 104
(49, 18) 360
(35, 67) 290
(55, 28) 388
(31, 23) 249
(21, 13) 126
(7, 46) 183
(11, 43) 364
(68, 40) 223
(72, 43) 169
(54, 79) 269
(58, 2) 265
(78, 65) 261
(44, 49) 232
(48, 52) 91
(24, 61) 280
(0, 38) 54
(20, 41) 115
(77, 8) 254
(6, 12) 183
(67, 14) 57
(53, 47) 366
(57, 36) 194
(39, 76) 159
(43, 9) 233
(33, 19) 34
(53, 80) 308
(80, 18) 197
(9, 26) 406
(15, 20) 120
(76, 38) 46
(62, 17) 231
(66, 76) 88
(52, 15) 325
(28, 48) 328
(32, 51) 267
(14, 71) 214
(4, 57) 281
(8, 60) 289
(65, 61) 55
(71, 3) 249
(41, 52) 399
(61, 41) 123
(17, 67) 63
(37, 0) 91
(41, 69) 60
(27, 22) 183
(13, 23) 201
(74, 7) 30
(3, 1) 59
(23, 66) 201
(64, 17) 118
(50, 28) 287
(40, 26) 196
(46, 16) 258
(16, 35) 307
(36, 46) 427
(2, 74) 277
(22, 9) 402
(79, 72) 309
(26, 68) 417
(12, 55) 378
(69, 34) 24
(73, 39) 257
(45, 57) 448
(49, 62) 359
(25, 53) 336
(45, 74) 50
(31, 11) 357
(1, 44) 193
(21, 33) 59
(78, 50) 120
(7, 18) 434
(48, 65) 316
(68, 12) 213
(72, 71) 66
(54, 43) 325
(58, 38) 361
(44, 21) 203
(34, 31) 136
(24, 25) 219
(10, 20) 307
(0, 2) 118
(77, 44) 160
(33, 78) 284
(53, 3) 354
(57, 64) 310
(29, 58) 447
(33, 63) 203
(5, 49) 207
(9, 54) 497
(66, 33) 176
(76, 74) 255
(42, 54) 543
(5, 66) 110
(62, 13) 274
(66, 80) 90
(38, 10) 315
(8, 73) 124
(28, 20) 249
(14, 35) 244
(75, 19) 373
(4, 29) 212
(65, 25) 113
(41, 16) 103
(61, 77) 82
(27, 69) 201
(47, 14) 150
(51, 75) 372
(17, 47) 160
(37, 36) 93
(13, 59) 348
(70, 52) 420
(74, 59) 456
(50, 0) 264
(70, 71) 27
(26, 41) 200
(46, 44) 139
(12, 68) 213
(16, 15) 79
(36, 66) 242
(2, 46) 251
(22, 21) 156
(79, 44) 160
(69, 6) 152
(59, 16) 389
(45, 29) 56
(35, 27) 74
(55, 68) 520
(25, 17) 79
(72, 20) 378
(1, 8) 256
(58, 75) 635
(21, 69) 131
(78, 14) 144
(54, 55) 114
(58, 58) 0
(30, 60) 425
(34, 35) 252
(6, 69) 152
(10, 8) 152
(67, 57) 386
(30, 79) 316
(63, 13) 265
(39, 20) 212
(80, 75) 319
(29, 30) 171
(19, 24) 200
(76, 31) 180
(5, 21) 24
(66, 5) 110
(52, 80) 388
(15, 76) 75
(56, 19) 162
(42, 42) 0
(62, 41) 242
(32, 12) 99
(18, 51) 396
(38, 54) 286
(14, 63) 234
(71, 58) 517
(18, 66) 284
(75, 63) 481
(51, 54) 587
(41, 12) 56
(27, 33) 58
(47, 34) 136
(17, 11) 205
(23, 21) 110
(64, 42) 393
(70, 16) 150
(40, 67) 105
(60, 30) 425
(50, 36) 371
(36, 23) 137
(22, 70) 456
(26, 13) 257
(46, 72) 148
(2, 50) 374
(22, 49) 360
(79, 0) 11
(55, 59) 114
(59, 60) 302
(45, 1) 234
(49, 70) 214
(31, 50) 287
(35, 55) 139
(11, 14) 215
(68, 53) 233
(72, 48) 383
(1, 20) 41
(44, 78) 204
(48, 9) 145
(68, 68) 0
(54, 19) 223
(24, 34) 287
(30, 24) 461
(34, 71) 195
(20, 22) 134
(6, 33) 320
(10, 44) 390
(67, 21) 147
(57, 15) 355
(43, 44) 4
(63, 33) 203
(39, 56) 148
(80, 55) 338
(15, 51) 279
(56, 64) 274
(19, 52) 435
(76, 3) 39
(5, 9) 242
(9, 78) 36
(52, 52) 0
(56, 47) 226
(42, 14) 276
(28, 45) 43
(32, 40) 145
(18, 23) 183
(75, 74) 122
(4, 70) 314
(8, 1) 256
(65, 80) 122
(14, 27) 174
(71, 30) 101
(61, 4) 13
(51, 18) 396
(27, 13) 201
(3, 36) 150
(23, 57) 164
(64, 54) 318
(13, 67) 23
(40, 63) 286
(60, 34) 171
(16, 56) 300
(36, 11) 234
(12, 12) 0
(69, 77) 90
(73, 10) 270
(2, 22) 229
(49, 17) 152
(35, 66) 266
(55, 31) 388
(31, 22) 381
(21, 12) 85
(7, 41) 189
(11, 42) 425
(68, 41) 218
(72, 44) 166
(54, 76) 269
(58, 3) 305
(78, 70) 180
(44, 50) 321
(48, 53) 0
(24, 62) 261
(0, 39) 170
(20, 42) 384
(77, 7) 233
(6, 13) 150
(53, 46) 480
(57, 43) 359
(39, 79) 159
(43, 8) 276
(63, 69) 275
(33, 18) 142
(80, 19) 57
(9, 25) 262
(15, 23) 198
(19, 80) 57
(76, 39) 159
(62, 22) 8
(66, 77) 90
(52, 8) 184
(28, 49) 199
(32, 52) 290
(14, 68) 206
(4, 58) 337
(8, 61) 255
(65, 60) 0
(71, 2) 256
(41, 59) 286
(61, 40) 150
(17, 66) 52
(37, 15) 161
(41, 68) 218
(13, 22) 277
(74, 4) 314
(3, 0) 48
(64, 18) 146
(50, 29) 262
(40, 27) 134
(46, 17) 300
(16, 36) 285
(36, 47) 303
(2, 75) 370
(22, 14) 242
(79, 75) 317
(26, 69) 258
(12, 48) 266
(69, 33) 176
(73, 38) 191
(45, 56) 321
(49, 61) 210
(25, 52) 414
(45, 73) 92
(31, 10) 363
(1, 35) 204
(21, 32) 183
(78, 51) 245
(7, 13) 162
(48, 66) 260
(68, 13) 170
(72, 72) 0
(54, 40) 275
(58, 39) 333
(44, 22) 354
(34, 28) 136
(24, 26) 111
(10, 21) 312
(30, 80) 320
(0, 3) 48
(77, 43) 158
(33, 77) 86
(53, 2) 419
(57, 71) 467
(29, 57) 394
(33, 62) 136
(5, 48) 310
(9, 53) 145
(66, 62) 281
(76, 75) 317
(42, 55) 551
(5, 65) 99
(62, 50) 395
(38, 11) 259
(8, 74) 238
(28, 21) 225
(32, 80) 145
(14, 32) 95
(75, 18) 511
(4, 30) 370
(65, 24) 302
(41, 23) 141
(61, 76) 80
(27, 68) 356
(47, 9) 233
(51, 74) 425
(17, 46) 300
(37, 35) 129
(13, 58) 420
(70, 53) 331
(74, 56) 357
(50, 1) 268
(70, 68) 102
(26, 54) 101
(46, 45) 177
(12, 69) 52
(16, 0) 134
(36, 67) 256
(2, 47) 148
(22, 42) 518
(79, 47) 159
(69, 5) 110
(59, 19) 223
(45, 28) 43
(35, 26) 68
(55, 71) 433
(25, 16) 166
(72, 21) 354
(1, 15) 82
(58, 72) 575
(21, 68) 296
(78, 15) 124
(54, 52) 657
(58, 59) 86
(30, 61) 373
(34, 32) 81
(6, 58) 569
(10, 9) 199
(67, 56) 285
(30, 76) 316
(63, 12) 224
(39, 23) 145
(80, 76) 11
(43, 80) 168
(29, 29) 0
(19, 27) 83
(76, 24) 234
(5, 20) 41
(66, 2) 167
(15, 79) 75
(56, 20) 201
(42, 43) 220
(62, 46) 470
(32, 13) 64
(18, 48) 429
(38, 55) 332
(65, 75) 410
(14, 60) 152
(71, 53) 347
(18, 67) 297
(75, 62) 508
(51, 57) 579
(61, 80) 70
(27, 32) 265
(47, 45) 98
(17, 10) 262
(23, 20) 122
(64, 43) 272
(70, 17) 231
(40, 68) 223
(60, 31) 305
(50, 37) 350
(36, 16) 285
(22, 71) 444
(26, 10) 457
(46, 73) 268
(2, 51) 448
(22, 54) 238
(79, 3) 39
(55, 58) 164
(59, 63) 347
(25, 67) 139
(45, 0) 211
(49, 69) 132
(31, 61) 250
(35, 54) 85
(11, 1) 202
(68, 54) 497
(72, 49) 272
(44, 79) 160
(48, 10) 84
(68, 69) 165
(54, 16) 389
(24, 35) 46
(30, 25) 349
(34, 68) 188
(20, 23) 122
(6, 38) 212
(10, 45) 347
(67, 20) 164
(57, 14) 332
(43, 47) 0
(63, 32) 296
(39, 59) 248
(80, 40) 80
(15, 50) 197
(56, 65) 266
(19, 55) 296
(76, 60) 132
(5, 8) 256
(9, 77) 235
(52, 53) 91
(56, 48) 509
(42, 15) 271
(28, 46) 155
(32, 41) 126
(18, 20) 134
(75, 77) 319
(4, 71) 306
(8, 2) 347
(14, 24) 281
(71, 25) 274
(61, 3) 106
(47, 80) 168
(51, 21) 342
(27, 12) 173
(3, 39) 133
(60, 76) 132
(23, 56) 79
(64, 55) 405
(13, 66) 12
(40, 32) 145
(60, 35) 256
(16, 57) 407
(36, 52) 472
(12, 13) 44
(69, 76) 88
(16, 72) 210
(73, 9) 73
(2, 23) 56
(49, 16) 104
(35, 69) 266
(55, 30) 534
(31, 17) 164
(21, 11) 213
(7, 40) 182
(11, 45) 359
(68, 42) 82
(72, 45) 110
(54, 77) 266
(58, 0) 341
(78, 71) 192
(44, 51) 431
(48, 54) 581
(20, 68) 314
(24, 63) 365
(0, 56) 203
(20, 43) 226
(77, 6) 235
(6, 2) 318
(53, 45) 304
(57, 42) 572
(39, 78) 275
(43, 11) 364
(63, 68) 418
(33, 17) 137
(80, 20) 63
(9, 24) 449
(15, 22) 250
(76, 32) 147
(42, 80) 323
(62, 23) 175
(66, 74) 179
(52, 9) 234
(28, 50) 287
(32, 53) 200
(14, 69) 43
(4, 59) 282
(8, 62) 403
(65, 51) 292
(41, 58) 361
(61, 39) 237
(17, 65) 142
(37, 14) 140
(41, 75) 281
(13, 21) 126
(74, 5) 284
(3, 3) 0
(60, 80) 122
(64, 19) 115
(50, 26) 440
(40, 28) 121
(46, 22) 476
(16, 37) 221
(36, 40) 215
(2, 72) 317
(22, 15) 250
(79, 74) 255
(26, 66) 258
(12, 49) 152
(69, 32) 66
(73, 37) 312
(45, 55) 430
(49, 60) 248
(25, 59) 245
(45, 72) 110
(1, 34) 86
(21, 47) 201
(78, 48) 161
(7, 12) 205
(48, 67) 236
(11, 73) 314
(68, 14) 206
(72, 73) 169
(54, 41) 286
(58, 36) 246
(44, 23) 206
(34, 29) 103
(24, 27) 117
(10, 18) 380
(0, 4) 60
(77, 42) 320
(33, 76) 88
(53, 1) 310
(57, 70) 489
(29, 56) 271
(33, 61) 107
(5, 63) 184
(9, 52) 234
(66, 63) 275
(76, 68) 253
(42, 52) 381
(5, 64) 85
(62, 51) 400
(38, 8) 240
(8, 75) 180
(28, 22) 381
(14, 33) 140
(71, 80) 250
(75, 21) 360
(4, 31) 244
(65, 31) 305
(41, 22) 247
(61, 75) 361
(27, 71) 310
(47, 8) 276
(51, 77) 343
(17, 45) 181
(37, 34) 155
(13, 57) 363
(70, 42) 93
(74, 57) 489
(50, 62) 395
(70, 69) 179
(26, 55) 195
(46, 50) 440
(12, 70) 231
(16, 1) 153
(36, 76) 157
(2, 44) 152
(22, 43) 352
(79, 46) 295
(69, 4) 137
(59, 18) 238
(45, 27) 286
(35, 29) 282
(55, 70) 458
(25, 23) 103
(72, 22) 510
(1, 14) 68
(58, 73) 551
(21, 67) 147
(78, 12) 147
(54, 53) 581
(58, 56) 185
(30, 34) 257
(34, 33) 155
(6, 59) 497
(10, 54) 558
(67, 59) 370
(30, 77) 317
(63, 15) 230
(39, 22) 318
(80, 77) 14
(29, 28) 34
(19, 26) 124
(76, 25) 33
(5, 19) 49
(9, 80) 230
(66, 3) 115
(15, 78) 124
(56, 21) 189
(42, 40) 277
(62, 47) 346
(32, 14) 95
(18, 49) 360
(38, 52) 399
(65, 74) 373
(14, 61) 98
(71, 52) 437
(18, 64) 146
(75, 49) 185
(51, 56) 531
(27, 35) 74
(47, 44) 4
(17, 9) 183
(23, 23) 0
(64, 44) 273
(70, 22) 456
(40, 69) 80
(60, 24) 302
(50, 34) 220
(36, 17) 193
(22, 68) 446
(26, 11) 341
(46, 78) 320
(2, 48) 419
(22, 55) 347
(79, 2) 108
(55, 53) 644
(59, 62) 230
(25, 66) 121
(49, 68) 132
(31, 60) 305
(35, 57) 122
(11, 0) 217
(68, 55) 520
(72, 50) 351
(44, 72) 166
(48, 11) 219
(68, 70) 102
(54, 17) 319
(24, 36) 233
(30, 30) 0
(34, 69) 24
(20, 16) 193
(6, 39) 305
(10, 42) 367
(67, 23) 224
(57, 13) 363
(43, 46) 140
(63, 35) 319
(29, 79) 150
(39, 58) 333
(80, 41) 54
(15, 61) 100
(56, 66) 260
(19, 54) 223
(76, 61) 80
(9, 76) 232
(52, 54) 657
(56, 49) 390
(42, 12) 285
(28, 47) 56
(32, 42) 201
(18, 21) 156
(75, 76) 317
(38, 80) 54
(4, 64) 50
(8, 3) 288
(14, 25) 83
(71, 24) 361
(61, 2) 172
(51, 20) 336
(27, 15) 198
(3, 38) 58
(60, 77) 133
(23, 59) 147
(64, 8) 257
(13, 65) 185
(40, 33) 129
(60, 60) 0
(16, 58) 463
(36, 53) 409
(12, 14) 10
(69, 75) 229
(16, 73) 91
(73, 8) 124
(2, 20) 138
(49, 23) 324
(35, 68) 413
(55, 25) 315
(31, 16) 104
(21, 10) 312
(7, 43) 123
(11, 44) 364
(68, 43) 190
(72, 46) 148
(54, 66) 346
(58, 1) 333
(78, 68) 101
(44, 44) 0
(48, 55) 644
(20, 69) 151
(24, 0) 243
(0, 57) 284
(20, 52) 406
(77, 5) 34
(6, 3) 264
(53, 44) 364
(57, 41) 305
(39, 73) 257
(43, 10) 391
(63, 71) 448
(33, 16) 221
(80, 21) 41
(9, 31) 188
(15, 17) 25
(76, 33) 88
(62, 20) 131
(66, 75) 229
(52, 10) 105
(8, 80) 247
(28, 51) 405
(32, 54) 411
(14, 74) 221
(4, 36) 114
(8, 63) 340
(65, 50) 280
(41, 57) 305
(61, 38) 123
(17, 64) 118
(37, 13) 173
(41, 74) 211
(13, 20) 144
(74, 2) 277
(3, 2) 71
(64, 20) 74
(50, 27) 394
(40, 29) 98
(46, 23) 305
(16, 38) 103
(36, 41) 200
(2, 73) 289
(22, 12) 234
(26, 67) 280
(12, 50) 222
(69, 47) 124
(73, 36) 375
(59, 9) 497
(45, 54) 418
(49, 51) 211
(25, 58) 309
(45, 71) 49
(1, 33) 82
(21, 46) 334
(78, 49) 34
(7, 15) 197
(48, 68) 233
(11, 72) 467
(68, 15) 196
(72, 74) 61
(54, 46) 390
(58, 37) 251
(44, 16) 130
(34, 26) 239
(24, 28) 310
(10, 19) 339
(0, 5) 24
(77, 41) 46
(33, 67) 195
(53, 0) 308
(57, 69) 363
(29, 55) 387
(33, 60) 130
(19, 1) 49
(5, 62) 171
(9, 59) 497
(66, 60) 194
(76, 69) 88
(42, 53) 300
(5, 79) 33
(62, 48) 431
(38, 9) 212
(8, 76) 252
(28, 23) 249
(14, 38) 49
(75, 20) 378
(4, 24) 267
(65, 30) 425
(37, 80) 91
(41, 21) 91
(61, 74) 319
(27, 70) 329
(47, 11) 364
(51, 76) 340
(17, 44) 161
(37, 33) 0
(13, 56) 264
(70, 43) 131
(74, 38) 211
(50, 63) 317
(26, 52) 556
(46, 51) 560
(12, 71) 224
(16, 2) 206
(36, 77) 156
(2, 45) 236
(22, 40) 263
(79, 41) 46
(69, 3) 115
(59, 21) 249
(45, 26) 349
(35, 28) 293
(55, 65) 394
(25, 22) 171
(72, 23) 372
(1, 13) 104
(21, 66) 131
(78, 13) 114
(54, 10) 558
(58, 57) 57
(30, 35) 445
(34, 62) 257
(6, 56) 412
(10, 55) 633
(67, 58) 442
(63, 14) 234
(39, 17) 184
(80, 78) 194
(29, 27) 231
(19, 29) 200
(76, 26) 175
(5, 18) 175
(66, 0) 90
(15, 73) 165
(56, 22) 243
(42, 41) 279
(62, 44) 349
(32, 15) 78
(18, 46) 476
(38, 53) 313
(65, 73) 314
(14, 2) 150
(71, 55) 433
(18, 65) 114
(75, 48) 261
(51, 59) 587
(27, 34) 184
(47, 47) 0
(17, 8) 201
(23, 22) 183
(64, 45) 298
(50, 80) 264
(70, 23) 329
(40, 70) 201
(60, 25) 113
(50, 35) 466
(36, 18) 49
(22, 69) 284
(26, 8) 426
(46, 79) 295
(73, 19) 280
(2, 49) 297
(22, 52) 484
(79, 13) 85
(55, 52) 726
(59, 49) 471
(25, 65) 113
(31, 63) 388
(35, 56) 21
(11, 3) 261
(68, 48) 233
(72, 51) 482
(44, 73) 175
(48, 12) 266
(68, 71) 124
(54, 22) 238
(24, 37) 174
(30, 31) 153
(34, 66) 24
(20, 17) 101
(6, 36) 368
(10, 43) 391
(67, 22) 297
(57, 12) 330
(43, 33) 214
(63, 34) 253
(29, 78) 143
(33, 11) 263
(39, 53) 428
(80, 42) 323
(15, 60) 152
(56, 67) 285
(19, 57) 228
(76, 62) 198
(52, 55) 726
(56, 50) 465
(42, 13) 241
(28, 40) 121
(32, 43) 167
(18, 18) 0
(75, 79) 317
(4, 65) 63
(8, 4) 261
(14, 30) 276
(71, 27) 310
(61, 1) 48
(51, 23) 452
(27, 14) 174
(3, 41) 58
(60, 78) 261
(23, 58) 220
(64, 9) 261
(13, 64) 159
(40, 34) 75
(60, 61) 55
(16, 59) 389
(36, 54) 214
(12, 15) 25
(69, 74) 179
(16, 74) 150
(73, 15) 165
(2, 21) 118
(49, 22) 360
(35, 71) 348
(55, 24) 96
(31, 19) 227
(21, 9) 266
(7, 42) 97
(11, 47) 364
(68, 20) 314
(72, 47) 169
(54, 67) 370
(58, 14) 389
(78, 69) 116
(44, 45) 95
(48, 40) 339
(20, 70) 324
(24, 1) 246
(0, 58) 341
(20, 53) 335
(77, 4) 71
(6, 0) 230
(53, 43) 366
(57, 40) 298
(39, 72) 242
(43, 13) 135
(63, 70) 454
(33, 23) 58
(80, 22) 197
(9, 30) 187
(15, 16) 79
(76, 34) 67
(62, 21) 152
(66, 72) 238
(52, 11) 255
(28, 12) 164
(32, 55) 456
(14, 75) 270
(4, 37) 95
(8, 32) 116
(65, 49) 248
(41, 56) 201
(61, 37) 107
(17, 71) 224
(37, 12) 137
(41, 73) 191
(13, 19) 140
(74, 3) 265
(3, 5) 59
(64, 21) 91
(50, 24) 504
(40, 30) 269
(46, 20) 359
(16, 39) 195
(36, 42) 475
(2, 70) 277
(22, 13) 277
(26, 64) 217
(12, 51) 299
(69, 46) 261
(73, 43) 178
(59, 8) 520
(45, 53) 304
(49, 50) 89
(25, 57) 252
(45, 70) 50
(1, 32) 160
(21, 45) 251
(78, 54) 462
(7, 14) 196
(48, 69) 260
(11, 75) 400
(68, 8) 142
(72, 75) 146
(54, 47) 325
(58, 34) 402
(44, 17) 161
(34, 27) 184
(24, 29) 304
(10, 16) 261
(67, 65) 201
(0, 6) 230
(77, 40) 68
(63, 21) 180
(33, 66) 176
(53, 15) 242
(57, 68) 520
(29, 54) 367
(33, 51) 400
(19, 0) 57
(5, 61) 48
(9, 58) 569
(66, 61) 141
(76, 70) 255
(42, 50) 275
(5, 78) 206
(62, 49) 359
(38, 14) 49
(8, 77) 254
(28, 16) 104
(14, 39) 177
(75, 23) 417
(4, 25) 56
(65, 29) 273
(41, 20) 115
(61, 73) 265
(47, 10) 391
(51, 79) 340
(17, 35) 245
(37, 32) 235
(23, 13) 201
(13, 55) 395
(70, 40) 201
(74, 39) 212
(50, 60) 280
(26, 53) 482
(46, 48) 480
(12, 64) 118
(16, 3) 160
(36, 78) 334
(2, 42) 360
(22, 41) 247
(79, 40) 70
(69, 2) 167
(59, 20) 251
(45, 25) 238
(35, 31) 293
(55, 64) 405
(25, 21) 17
(72, 24) 414
(1, 12) 61
(21, 65) 96
(78, 18) 369
(54, 11) 441
(30, 32) 207
(34, 63) 253
(6, 57) 512
(10, 52) 105
(67, 61) 149
(63, 9) 353
(39, 16) 195
(80, 79) 11
(29, 26) 294
(19, 28) 227
(76, 27) 123
(5, 17) 61
(62, 66) 281
(66, 1) 110
(15, 72) 285
(56, 23) 79
(42, 22) 518
(62, 45) 403
(32, 0) 145
(18, 47) 352
(38, 42) 279
(65, 72) 432
(14, 3) 87
(71, 54) 433
(75, 51) 372
(51, 58) 634
(27, 37) 58
(47, 46) 140
(17, 15) 25
(23, 17) 173
(64, 46) 410
(70, 20) 324
(40, 71) 185
(60, 26) 202
(50, 32) 156
(36, 19) 108
(26, 9) 406
(46, 76) 295
(73, 18) 415
(2, 14) 150
(22, 53) 429
(79, 12) 51
(55, 55) 0
(59, 48) 581
(25, 64) 106
(31, 62) 376
(35, 59) 85
(11, 2) 330
(68, 49) 132
(72, 52) 470
(44, 74) 127
(48, 13) 253
(68, 64) 316
(54, 23) 147
(24, 38) 239
(30, 28) 153
(34, 67) 41
(20, 18) 134
(77, 31) 180
(6, 37) 320
(10, 40) 345
(67, 25) 139
(57, 19) 228
(43, 32) 167
(63, 45) 404
(29, 77) 151
(33, 10) 370
(53, 71) 347
(39, 52) 517
(80, 43) 168
(15, 63) 230
(56, 68) 403
(19, 56) 162
(76, 63) 217
(52, 48) 91
(56, 51) 531
(42, 10) 367
(28, 41) 134
(32, 44) 166
(18, 19) 156
(75, 78) 158
(4, 66) 137
(8, 5) 256
(14, 31) 154
(71, 26) 372
(61, 0) 70
(51, 22) 396
(37, 23) 58
(27, 1) 130
(3, 40) 65
(60, 79) 132
(23, 53) 438
(64, 10) 246
(40, 35) 191
(60, 62) 115
(16, 60) 231
(36, 55) 317
(12, 8) 201
(69, 73) 136
(16, 75) 185
(73, 14) 176
(2, 18) 229
(49, 21) 231
(35, 70) 371
(55, 27) 213
(31, 18) 381
(21, 8) 280
(7, 37) 310
(11, 46) 503
(68, 21) 296
(72, 80) 316
(54, 64) 318
(58, 15) 412
(78, 74) 180
(44, 46) 139
(48, 41) 313
(20, 71) 312
(24, 2) 132
(0, 59) 275
(20, 54) 251
(77, 3) 36
(6, 1) 242
(53, 42) 300
(57, 47) 359
(39, 75) 322
(43, 12) 160
(63, 65) 85
(33, 22) 142
(80, 23) 130
(9, 29) 169
(15, 19) 127
(76, 35) 195
(62, 26) 150
(66, 73) 136
(52, 20) 406
(28, 13) 128
(32, 72) 235
(14, 72) 280
(4, 38) 114
(8, 33) 337
(65, 48) 316
(41, 63) 261
(61, 36) 119
(17, 70) 231
(37, 11) 263
(41, 72) 264
(13, 18) 277
(74, 0) 261
(3, 4) 93
(64, 22) 146
(50, 25) 293
(40, 31) 121
(46, 21) 334
(16, 24) 337
(36, 43) 303
(2, 71) 256
(22, 2) 229
(26, 65) 202
(12, 44) 161
(69, 45) 129
(73, 42) 112
(59, 11) 441
(45, 52) 394
(49, 49) 0
(25, 56) 180
(45, 69) 129
(1, 39) 189
(21, 44) 203
(78, 55) 506
(7, 9) 160
(48, 70) 331
(11, 74) 406
(68, 9) 93
(72, 76) 309
(54, 44) 329
(1, 80) 24
(58, 35) 169
(44, 18) 354
(34, 24) 287
(24, 30) 461
(10, 17) 262
(67, 64) 172
(0, 7) 237
(77, 39) 156
(63, 20) 155
(33, 65) 130
(53, 14) 269
(57, 75) 581
(29, 53) 304
(33, 50) 350
(19, 3) 43
(5, 60) 99
(9, 57) 512
(66, 58) 420
(76, 71) 243
(42, 51) 408
(5, 77) 34
(62, 54) 230
(38, 15) 75
(8, 78) 70
(28, 17) 164
(14, 36) 200
(71, 77) 243
(75, 22) 511
(4, 26) 181
(65, 28) 305
(51, 33) 400
(41, 27) 141
(61, 72) 378
(47, 21) 201
(51, 78) 245
(17, 34) 29
(37, 47) 214
(23, 12) 173
(13, 54) 348
(70, 41) 211
(74, 36) 411
(50, 61) 255
(26, 50) 440
(46, 49) 353
(12, 65) 142
(16, 4) 177
(36, 79) 157
(2, 43) 148
(22, 46) 476
(79, 43) 159
(69, 1) 110
(59, 23) 147
(45, 24) 352
(31, 69) 117
(35, 30) 445
(55, 67) 415
(25, 20) 42
(11, 25) 226
(72, 25) 340
(1, 3) 59
(21, 64) 91
(78, 19) 250
(54, 8) 520
(30, 33) 396
(34, 60) 171
(6, 62) 401
(10, 53) 84
(67, 60) 201
(63, 8) 340
(39, 19) 172
(80, 64) 106
(29, 25) 182
(19, 31) 227
(76, 20) 69
(5, 16) 153
(62, 67) 294
(66, 30) 233
(15, 75) 261
(56, 24) 40
(42, 23) 410
(32, 1) 160
(18, 44) 354
(38, 43) 114
(65, 79) 132
(14, 0) 50
(71, 49) 226
(75, 50) 239
(51, 61) 293
(27, 36) 137
(47, 41) 114
(17, 14) 10
(23, 16) 244
(64, 47) 272
(50, 78) 120
(70, 21) 300
(40, 72) 250
(60, 27) 188
(50, 33) 350
(36, 28) 334
(26, 22) 158
(46, 77) 293
(73, 17) 182
(2, 15) 177
(79, 15) 75
(55, 54) 114
(59, 51) 587
(25, 71) 274
(31, 57) 408
(35, 58) 169
(11, 5) 202
(68, 50) 202
(72, 53) 383
(44, 75) 235
(48, 14) 269
(68, 65) 346
(54, 20) 251
(24, 39) 174
(10, 70) 382
(30, 29) 171
(34, 64) 147
(0, 80) 0
(20, 19) 43
(77, 30) 317
(6, 26) 406
(10, 41) 315
(67, 24) 323
(57, 18) 208
(43, 35) 240
(63, 44) 376
(29, 76) 150
(33, 9) 320
(53, 70) 331
(39, 55) 249
(80, 44) 170
(15, 62) 248
(56, 69) 260
(19, 59) 223
(76, 56) 195
(52, 49) 223
(56, 52) 591
(42, 11) 425
(28, 42) 165
(32, 45) 129
(18, 16) 326
(75, 65) 410
(4, 67) 147
(8, 6) 51
(65, 43) 290
(14, 28) 154
(71, 21) 288
(61, 31) 250
(51, 25) 351
(37, 22) 142
(27, 0) 130
(3, 43) 153
(60, 72) 432
(23, 52) 516
(64, 11) 126
(40, 36) 215
(60, 63) 85
(16, 61) 179
(36, 48) 409
(12, 9) 183
(69, 72) 238
(16, 76) 133
(73, 13) 140
(2, 19) 95
(49, 20) 241
(35, 73) 390
(55, 26) 195
(25, 35) 177
(31, 29) 34
(21, 23) 110
(7, 36) 389
(11, 33) 263
(68, 22) 446
(54, 65) 302
(1, 75) 338
(58, 12) 387
(78, 75) 158
(44, 47) 4
(48, 42) 300
(20, 64) 74
(24, 3) 196
(0, 60) 122
(20, 55) 333
(77, 2) 105
(6, 6) 0
(53, 41) 313
(57, 46) 434
(39, 74) 212
(43, 15) 168
(63, 64) 107
(29, 80) 157
(33, 21) 59
(80, 8) 247
(9, 28) 188
(15, 18) 250
(62, 27) 175
(66, 70) 179
(52, 21) 408
(28, 14) 154
(32, 73) 90
(14, 73) 176
(4, 39) 225
(8, 34) 192
(65, 55) 394
(41, 62) 242
(61, 35) 236
(17, 69) 52
(37, 10) 370
(41, 79) 46
(13, 17) 44
(74, 1) 284
(3, 7) 245
(64, 23) 195
(50, 22) 394
(40, 0) 80
(46, 26) 361
(16, 25) 166
(2, 68) 312
(22, 3) 199
(26, 78) 371
(12, 45) 181
(69, 44) 124
(73, 41) 191
(59, 10) 558
(45, 51) 390
(49, 48) 132
(25, 63) 197
(45, 68) 95
(1, 38) 78
(21, 43) 201
(78, 52) 252
(7, 8) 210
(48, 71) 347
(11, 77) 231
(68, 10) 292
(72, 77) 309
(54, 45) 418
(58, 32) 483
(44, 19) 199
(34, 25) 99
(24, 31) 310
(10, 30) 385
(67, 67) 0
(0, 24) 243
(77, 38) 46
(63, 23) 259
(33, 64) 137
(53, 13) 253
(57, 74) 489
(29, 52) 395
(33, 49) 287
(19, 2) 95
(5, 59) 271
(9, 56) 412
(66, 59) 346
(76, 64) 117
(42, 48) 300
(5, 76) 33
(62, 55) 339
(38, 12) 56
(8, 79) 252
(28, 18) 381
(14, 37) 140
(71, 76) 243
(75, 9) 140
(4, 27) 150
(65, 19) 116
(51, 32) 267
(41, 26) 200
(61, 71) 312
(47, 20) 226
(17, 33) 137
(37, 46) 334
(23, 15) 198
(13, 53) 253
(70, 46) 164
(74, 37) 329
(50, 58) 600
(26, 51) 486
(46, 54) 390
(12, 66) 52
(16, 5) 153
(36, 72) 464
(2, 40) 90
(22, 47) 352
(79, 42) 319
(69, 0) 90
(55, 45) 430
(59, 22) 238
(45, 23) 286
(31, 68) 136
(35, 1) 204
(55, 66) 391
(25, 27) 103
(11, 24) 437
(72, 26) 434
(1, 2) 129
(21, 79) 46
(78, 16) 80
(54, 9) 497
(30, 38) 274
(34, 61) 118
(6, 63) 353
(10, 50) 92
(67, 63) 278
(63, 11) 132
(39, 18) 318
(80, 65) 122
(29, 24) 304
(15, 37) 161
(19, 30) 369
(76, 21) 46
(5, 31) 210
(62, 64) 146
(66, 31) 117
(15, 74) 225
(56, 25) 180
(42, 20) 384
(32, 2) 233
(18, 45) 407
(38, 40) 31
(65, 78) 261
(14, 1) 68
(71, 48) 347
(75, 53) 261
(51, 60) 292
(27, 39) 145
(47, 40) 90
(17, 13) 44
(23, 19) 83
(64, 32) 194
(50, 79) 271
(70, 10) 382
(40, 73) 199
(60, 20) 73
(36, 29) 306
(26, 23) 63
(73, 16) 91
(2, 12) 153
(79, 14) 52
(55, 49) 522
(59, 50) 538
(25, 70) 287
(31, 56) 280
(35, 61) 236
(11, 4) 172
(68, 51) 335
(72, 54) 490
(44, 68) 187
(7, 80) 237
(48, 15) 242
(68, 66) 165
(54, 21) 249
(24, 40) 221
(10, 71) 394
(30, 2) 349
(34, 65) 171
(20, 28) 249
(77, 29) 151
(6, 27) 351
(67, 27) 224
(57, 17) 330
(43, 34) 136
(63, 47) 375
(29, 75) 188
(33, 8) 337
(53, 69) 260
(39, 54) 248
(80, 45) 211
(15, 57) 355
(56, 70) 357
(19, 58) 285
(76, 57) 280
(52, 50) 134
(56, 53) 509
(42, 8) 215
(28, 43) 56
(32, 46) 293
(18, 17) 234
(75, 64) 380
(4, 76) 70
(8, 7) 210
(65, 42) 423
(14, 29) 121
(71, 20) 312
(61, 30) 373
(51, 24) 569
(37, 21) 59
(27, 3) 87
(3, 42) 337
(60, 73) 314
(23, 55) 213
(64, 12) 118
(40, 37) 129
(60, 56) 266
(16, 62) 323
(36, 49) 328
(12, 10) 262
(69, 55) 391
(16, 77) 135
(73, 12) 182
(2, 16) 206
(49, 11) 215
(35, 72) 406
(55, 21) 323
(25, 34) 99
(31, 28) 0
(21, 22) 156
(7, 39) 207
(11, 32) 233
(68, 23) 356
(54, 70) 456
(1, 74) 284
(58, 13) 420
(78, 72) 238
(44, 40) 92
(48, 43) 366
(20, 65) 73
(24, 4) 267
(0, 61) 70
(20, 48) 335
(77, 1) 34
(6, 7) 160
(53, 40) 339
(57, 45) 448
(39, 69) 170
(43, 14) 150
(63, 67) 278
(29, 47) 64
(33, 20) 65
(80, 9) 230
(9, 3) 264
(15, 29) 130
(62, 24) 261
(66, 71) 174
(52, 22) 484
(28, 15) 164
(32, 74) 174
(14, 78) 144
(4, 32) 177
(8, 35) 444
(65, 54) 302
(41, 61) 123
(61, 34) 118
(17, 68) 213
(37, 9) 320
(41, 78) 176
(13, 16) 49
(74, 14) 221
(3, 6) 264
(50, 23) 394
(40, 1) 102
(46, 27) 305
(16, 26) 302
(2, 69) 167
(22, 0) 197
(26, 79) 175
(12, 46) 300
(69, 43) 124
(73, 40) 199
(59, 13) 348
(45, 50) 265
(49, 55) 522
(25, 62) 166
(45, 67) 129
(1, 37) 82
(21, 42) 364
(78, 53) 161
(7, 11) 376
(11, 76) 228
(68, 11) 344
(72, 78) 238
(54, 34) 330
(58, 33) 251
(44, 12) 161
(34, 22) 261
(6, 80) 230
(10, 31) 363
(67, 66) 25
(0, 25) 33
(77, 37) 86
(63, 22) 116
(33, 71) 314
(53, 12) 266
(57, 73) 495
(29, 51) 376
(33, 48) 392
(19, 5) 49
(5, 58) 333
(9, 63) 353
(66, 56) 260
(76, 65) 132
(42, 49) 213
(5, 75) 338
(62, 52) 487
(38, 13) 63
(28, 19) 227
(14, 42) 276
(71, 79) 243
(75, 8) 180
(4, 4) 0
(65, 18) 114
(51, 35) 526
(41, 25) 76
(61, 70) 319
(47, 23) 203
(51, 80) 330
(17, 32) 99
(37, 45) 282
(23, 14) 174
(13, 52) 340
(70, 47) 131
(74, 34) 202
(50, 59) 538
(26, 48) 482
(46, 55) 354
(12, 67) 63
(16, 6) 113
(36, 73) 375
(2, 41) 107
(22, 44) 354
(79, 53) 315
(69, 15) 48
(55, 44) 336
(59, 41) 286
(45, 22) 407
(31, 71) 64
(35, 0) 202
(25, 26) 148
(11, 27) 320
(72, 27) 372
(1, 1) 0
(21, 78) 230
(78, 17) 147
(54, 14) 320
(30, 39) 288
(34, 58) 402
(6, 60) 293
(10, 51) 43
(67, 62) 294
(43, 57) 359
(63, 10) 283
(39, 13) 179
(80, 66) 90
(29, 23) 231
(15, 36) 212
(19, 33) 34
(76, 22) 202
(5, 30) 342
(62, 65) 115
(66, 28) 117
(56, 26) 87
(42, 21) 364
(32, 3) 178
(18, 42) 518
(38, 41) 0
(65, 77) 133
(14, 6) 180
(71, 51) 437
(75, 52) 340
(51, 63) 292
(27, 38) 141
(47, 43) 0
(17, 12) 0
(3, 49) 238
(23, 18) 183
(64, 33) 137
(50, 76) 271
(70, 11) 406
(74, 70) 0
(40, 74) 201
(60, 21) 96
(64, 80) 106
(36, 30) 473
(26, 20) 150
(73, 23) 331
(2, 13) 170
(79, 9) 232
(55, 48) 644
(59, 53) 581
(25, 69) 121
(31, 59) 378
(35, 60) 256
(11, 7) 376
(68, 60) 346
(72, 55) 479
(44, 69) 124
(48, 0) 308
(68, 67) 150
(24, 41) 239
(10, 68) 292
(30, 3) 331
(20, 29) 219
(77, 28) 180
(6, 24) 449
(67, 26) 280
(57, 16) 407
(43, 37) 214
(63, 46) 511
(29, 74) 105
(33, 15) 161
(53, 68) 233
(39, 49) 298
(80, 46) 305
(15, 56) 268
(56, 71) 334
(19, 61) 81
(76, 58) 337
(52, 51) 101
(56, 54) 100
(42, 9) 170
(28, 36) 334
(32, 47) 167
(18, 14) 242
(75, 67) 214
(4, 77) 71
(8, 8) 0
(65, 41) 176
(71, 23) 310
(61, 29) 218
(51, 27) 452
(37, 20) 65
(27, 2) 56
(3, 45) 217
(60, 74) 373
(23, 54) 147
(64, 13) 159
(40, 38) 31
(60, 57) 288
(16, 63) 308
(36, 50) 371
(12, 11) 205
(69, 54) 346
(16, 78) 80
(73, 51) 313
(2, 17) 153
(49, 10) 168
(35, 75) 470
(55, 20) 333
(25, 33) 58
(31, 31) 0
(21, 21) 0
(7, 38) 189
(11, 35) 392
(68, 16) 121
(54, 71) 433
(1, 73) 243
(58, 10) 610
(78, 73) 72
(44, 41) 116
(48, 44) 364
(20, 66) 151
(24, 5) 246
(0, 62) 193
(20, 49) 241
(77, 0) 14
(6, 4) 254
(53, 55) 644
(57, 44) 362
(39, 68) 272
(43, 1) 191
(63, 66) 275
(29, 46) 186
(33, 43) 214
(80, 10) 296
(9, 2) 318
(15, 28) 164
(62, 25) 166
(66, 68) 165
(52, 23) 516
(28, 8) 236
(32, 75) 186
(14, 79) 52
(4, 33) 95
(8, 36) 373
(65, 53) 316
(41, 60) 176
(61, 33) 107
(17, 59) 319
(37, 8) 337
(41, 77) 46
(13, 15) 36
(74, 15) 225
(3, 9) 264
(50, 20) 294
(40, 2) 90
(46, 24) 308
(16, 27) 244
(2, 66) 167
(22, 1) 175
(79, 80) 11
(26, 76) 175
(12, 47) 160
(69, 42) 234
(73, 47) 178
(59, 12) 319
(45, 49) 179
(49, 54) 471
(25, 61) 69
(45, 66) 129
(1, 36) 132
(21, 41) 91
(78, 58) 533
(7, 10) 353
(11, 79) 228
(72, 79) 309
(54, 35) 85
(58, 46) 475
(44, 13) 135
(34, 23) 184
(10, 28) 363
(67, 69) 25
(0, 26) 179
(77, 36) 156
(63, 17) 224
(33, 70) 329
(53, 11) 219
(57, 72) 526
(29, 50) 262
(33, 55) 268
(19, 4) 68
(5, 57) 276
(9, 62) 401
(66, 57) 363
(52, 68) 320
(76, 66) 88
(42, 62) 514
(5, 74) 284
(62, 53) 431
(38, 2) 107
(14, 43) 150
(71, 78) 192
(75, 11) 400
(4, 5) 37
(65, 17) 142
(51, 34) 309
(41, 24) 239
(61, 69) 141
(47, 22) 352
(17, 39) 184
(37, 44) 217
(23, 9) 351
(13, 51) 302
(70, 44) 127
(74, 35) 371
(50, 56) 465
(26, 49) 376
(46, 52) 571
(16, 7) 121
(36, 74) 411
(2, 38) 107
(22, 45) 407
(79, 52) 396
(69, 14) 43
(55, 47) 332
(59, 40) 275
(45, 21) 251
(31, 70) 81
(35, 3) 157
(25, 25) 0
(11, 26) 341
(72, 28) 130
(1, 0) 24
(21, 77) 45
(78, 22) 369
(54, 15) 344
(30, 36) 473
(34, 59) 330
(6, 61) 251
(10, 48) 84
(67, 33) 195
(43, 56) 226
(63, 53) 345
(39, 12) 184
(80, 67) 107
(43, 73) 178
(29, 22) 352
(15, 39) 202
(19, 32) 201
(76, 23) 123
(5, 29) 180
(62, 70) 452
(66, 29) 83
(56, 27) 79
(42, 18) 518
(32, 4) 177
(18, 43) 352
(38, 46) 252
(65, 76) 132
(14, 7) 196
(71, 50) 310
(75, 55) 570
(47, 69) 124
(51, 62) 400
(27, 57) 164
(47, 42) 220
(17, 3) 88
(3, 48) 354
(23, 45) 286
(64, 34) 147
(50, 77) 274
(70, 8) 238
(74, 71) 27
(40, 75) 283
(3, 65) 151
(60, 22) 114
(36, 31) 334
(26, 21) 149
(46, 80) 305
(73, 22) 415
(2, 10) 413
(79, 8) 252
(55, 51) 665
(59, 52) 657
(25, 68) 286
(31, 58) 461
(35, 63) 319
(7, 61) 294
(11, 6) 262
(68, 61) 296
(72, 56) 390
(44, 70) 127
(48, 1) 310
(68, 76) 253
(24, 42) 475
(10, 69) 272
(30, 0) 320
(20, 30) 383
(77, 27) 120
(6, 25) 262
(67, 29) 91
(57, 23) 164
(43, 36) 303
(63, 41) 261
(29, 73) 116
(33, 14) 140
(53, 67) 236
(39, 48) 428
(80, 47) 168
(15, 59) 344
(56, 72) 390
(19, 60) 116
(76, 59) 269
(52, 60) 375
(56, 55) 135
(28, 37) 250
(32, 32) 0
(18, 15) 250
(75, 66) 229
(38, 74) 211
(4, 78) 220
(8, 9) 51
(65, 40) 201
(71, 22) 444
(61, 28) 250
(51, 26) 486
(37, 19) 34
(41, 80) 54
(27, 5) 130
(3, 44) 156
(60, 75) 410
(23, 49) 324
(64, 14) 128
(40, 39) 98
(60, 58) 342
(16, 48) 236
(36, 51) 389
(12, 4) 85
(69, 53) 260
(16, 79) 133
(73, 50) 183
(49, 9) 47
(35, 74) 371
(55, 23) 213
(59, 80) 275
(25, 32) 178
(31, 30) 153
(21, 20) 25
(7, 33) 310
(11, 34) 228
(68, 17) 213
(54, 68) 497
(1, 72) 339
(58, 11) 480
(78, 78) 0
(44, 42) 216
(48, 45) 304
(20, 67) 164
(24, 6) 449
(0, 63) 207
(20, 50) 294
(77, 63) 218
(6, 5) 242
(53, 54) 581
(57, 51) 579
(39, 71) 188
(43, 0) 168
(63, 77) 218
(29, 45) 56
(33, 42) 402
(80, 11) 217
(9, 1) 242
(15, 31) 164
(62, 30) 513
(66, 69) 0
(52, 16) 326
(28, 9) 188
(32, 76) 147
(14, 76) 52
(4, 34) 113
(8, 37) 337
(65, 52) 375
(41, 35) 206
(61, 32) 176
(17, 58) 387
(37, 55) 268
(41, 76) 46
(13, 14) 36
(74, 12) 231
(3, 8) 288
(50, 21) 291
(70, 80) 261
(40, 3) 65
(46, 25) 317
(16, 28) 104
(2, 67) 191
(22, 6) 402
(26, 77) 172
(12, 40) 87
(69, 41) 60
(73, 46) 268
(59, 15) 344
(45, 48) 304
(49, 53) 132
(25, 60) 113
(45, 65) 323
(1, 59) 271
(21, 40) 111
(78, 59) 462
(7, 5) 259
(11, 78) 243
(54, 32) 411
(58, 47) 409
(44, 14) 151
(34, 20) 127
(10, 29) 334
(67, 68) 150
(0, 27) 130
(77, 35) 192
(63, 16) 308
(33, 69) 176
(53, 10) 84
(57, 79) 280
(29, 49) 173
(33, 54) 190
(19, 7) 284
(5, 56) 207
(9, 61) 251
(66, 54) 346
(52, 69) 348
(56, 0) 203
(76, 67) 107
(42, 63) 497
(5, 73) 243
(62, 58) 248
(38, 3) 58
(14, 40) 79
(71, 73) 131
(75, 10) 331
(4, 6) 254
(65, 16) 231
(51, 37) 400
(41, 31) 134
(61, 68) 296
(47, 17) 160
(17, 38) 56
(37, 43) 214
(23, 8) 374
(13, 50) 208
(70, 45) 50
(74, 32) 174
(40, 80) 80
(50, 57) 543
(26, 62) 150
(46, 53) 480
(36, 75) 470
(2, 39) 91
(22, 34) 261
(79, 55) 330
(69, 13) 12
(55, 46) 354
(59, 43) 325
(45, 20) 274
(31, 65) 305
(35, 2) 101
(25, 24) 219
(11, 29) 323
(72, 29) 160
(1, 7) 259
(58, 80) 341
(21, 76) 46
(78, 23) 315
(54, 12) 319
(30, 37) 396
(34, 56) 248
(0, 72) 316
(6, 50) 110
(10, 49) 168
(67, 32) 42
(43, 59) 325
(63, 52) 387
(39, 15) 202
(80, 68) 255
(43, 72) 169
(29, 21) 196
(15, 38) 75
(19, 35) 157
(76, 16) 133
(5, 28) 210
(62, 71) 440
(66, 26) 258
(56, 28) 280
(42, 19) 373
(32, 5) 160
(18, 40) 263
(38, 47) 114
(65, 67) 201
(14, 4) 94
(71, 45) 49
(75, 54) 555
(47, 68) 190
(51, 1) 324
(27, 56) 79
(47, 53) 366
(17, 2) 153
(3, 51) 378
(23, 44) 206
(64, 35) 266
(50, 74) 296
(70, 9) 187
(74, 68) 102
(40, 76) 70
(3, 64) 143
(60, 23) 188
(36, 24) 233
(26, 18) 158
(69, 80) 90
(73, 21) 266
(2, 11) 330
(79, 11) 228
(55, 50) 599
(59, 55) 114
(25, 75) 350
(31, 37) 250
(35, 62) 218
(7, 60) 347
(11, 57) 427
(68, 62) 444
(72, 57) 526
(44, 71) 105
(7, 77) 233
(48, 2) 419
(68, 77) 255
(24, 43) 255
(10, 66) 272
(30, 1) 342
(20, 31) 249
(77, 26) 172
(6, 30) 187
(67, 28) 124
(57, 22) 208
(43, 39) 84
(63, 40) 286
(29, 72) 160
(33, 13) 173
(53, 66) 260
(39, 51) 480
(80, 32) 145
(15, 58) 412
(56, 73) 381
(19, 63) 196
(76, 52) 396
(52, 61) 365
(56, 56) 0
(28, 38) 134
(32, 33) 235
(18, 12) 234
(75, 69) 229
(38, 75) 281
(4, 79) 70
(8, 10) 152
(65, 47) 290
(71, 17) 224
(61, 27) 163
(51, 29) 376
(37, 18) 142
(27, 4) 150
(3, 47) 153
(60, 68) 346
(23, 48) 438
(64, 15) 124
(40, 40) 0
(60, 59) 302
(46, 2) 251
(16, 49) 104
(36, 60) 97
(12, 5) 61
(69, 52) 348
(16, 64) 202
(73, 49) 106
(49, 8) 50
(35, 77) 192
(55, 22) 347
(25, 39) 171
(31, 25) 210
(21, 19) 27
(7, 32) 144
(11, 37) 263
(68, 18) 446
(54, 69) 346
(1, 79) 33
(58, 8) 588
(78, 79) 196
(44, 43) 4
(48, 46) 480
(20, 76) 69
(24, 7) 378
(0, 48) 308
(20, 51) 336
(77, 62) 197
